10 290 3550
1200 1200 1200 1200 1200 1200 1200 1200 1200 1200
600 1200 600 600 600 600 600 1200 600 600 600 600 600 600 600 600 1200 600 600 600 600 600 600 600 600 600 600 600 600 600 600 600 600 600 1200 600 600 600 600 600 600 600 600 600 600 600 600 600 600 600 600 600 600 600 600 600 600 600 600 600 600 1200 600 600 600 600 600 600 600 1200 600 600 600 600 600 600 600 600 600 600 600 600 600 600 600 600 600 600 600 600 600 600 600 600 600 600 600 600 600 600 600 600 600 600 600 1200 600 600 1200 600 600 600 1200 600 600 600 600 600 600 1200 600 600 600 600 600 600 600 600 600 600 600 1200 600 600 600 600 1200 600 600 600 600 600 600 600 600 600 600 600 600 600 600 600 600 600 600 600 1200 600 600 600 1200 600 600 600 600 600 1200 600 1200 600 600 600 600 600 600 600 600 600 600 600 600 600 1200 600 600 600 600 600 600 600 1200 600 600 600 600 600 600 600 600 1200 600 600 600 600 600 1200 600 600 600 600 600 600 600 600 600 600 600 600 600 600 600 600 600 1200 600 600 600 600 600 600 600 600 600 600 600 600 600 600 600 600 600 600 600 600 600 1200 600 1200 600 600 600 600 600 1200 600 600 600 600 1200 600 600 600 600 1200 600 1200 600 1200 600 600 600 600 600 600 600 600 600 1200 600 600 600 600 600 600 600 600 600 600 1200 600
141 262 1
53 141 1
160 67 1
127 37 1
212 119 1
177 290 100
246 140 1
103 171 1
135 195 100
190 252 100
54 267 1
146 167 1
157 60 100
143 248 200
218 200 100
217 81 200
122 149 1
257 211 1
20 128 1
144 250 1
236 217 100
71 85 100
261 35 100
110 66 1
40 218 1
128 141 100
192 195 100
64 215 100
63 101 1
233 198 1
42 186 1
169 21 1
205 109 1
46 300 1
42 129 100
147 88 100
252 94 1
289 280 200
126 116 100
84 291 1
223 190 1
282 78 100
76 191 1
130 226 100
49 221 1
247 155 100
194 100 200
262 263 100
150 175 1
53 125 1
206 282 1
117 172 200
167 245 100
145 51 100
98 123 100
193 174 1
242 247 1
36 157 100
108 87 1
74 25 100
33 215 100
21 63 100
11 6 1
228 137 100
181 69 1
140 156 1
298 92 1
285 53 100
17 235 100
193 24 1
104 267 1
219 41 1
66 37 100
152 155 100
221 123 1
280 100 1
50 206 100
37 71 1
285 291 1
294 167 100
43 287 100
237 236 100
8 6 1
273 34 100
60 229 100
158 56 1
114 258 100
140 271 1
195 197 100
117 180 200
144 195 1
159 280 1
151 43 100
283 37 1
214 60 1
200 103 1
182 176 100
75 106 1
189 49 100
78 197 100
79 254 100
210 121 100
266 227 100
50 254 1
260 118 1
52 187 1
21 68 1
287 96 100
130 38 100
95 276 100
118 187 100
178 248 200
179 173 100
162 245 1
206 87 100
80 25 100
120 233 200
213 142 100
112 167 100
103 246 1
83 294 1
180 259 1
265 202 1
238 278 1
199 281 1
204 263 1
43 59 1
146 191 1
91 75 100
138 45 100
272 191 100
108 78 1
251 69 100
255 58 100
51 77 1
41 219 1
58 160 1
179 181 100
236 49 1
181 232 100
27 61 100
221 217 100
3 275 200
24 149 1
242 237 100
20 208 1
161 237 1
127 111 100
29 229 1
7 8 1
7 202 200
120 131 1
34 252 1
292 23 100
185 236 100
8 120 200
227 32 1
289 143 1
279 28 200
73 89 200
210 241 1
134 170 1
7 9 1
246 276 1
95 23 1
56 41 100
247 57 1
84 262 100
177 260 100
215 18 100
171 234 100
188 196 100
228 136 1
88 167 1
152 287 1
253 138 1
283 71 1
30 37 100
110 256 100
269 141 1
268 134 100
136 36 1
11 289 200
150 195 100
265 143 1
114 82 1
96 237 1
55 102 100
47 153 100
136 26 1
51 299 100
273 252 100
262 77 100
68 101 100
125 164 1
243 268 100
171 103 1
113 299 100
268 40 100
90 38 1
5 120 200
174 297 100
297 206 100
98 165 100
101 271 100
38 247 1
128 53 100
254 199 1
248 68 100
299 30 100
82 138 1
257 277 1
77 240 100
259 19 1
264 97 100
16 195 100
21 268 1
221 119 1
58 205 1
39 103 100
66 110 1
272 147 1
122 24 1
73 233 200
217 300 1
297 50 1
223 105 100
286 301 1
132 212 1
160 107 100
100 32 100
285 269 100
221 117 100
189 249 1
115 53 1
118 106 1
34 94 1
150 250 100
47 301 1
66 127 100
150 206 1
271 200 1
146 56 1
118 255 100
64 254 1
6 3 1
249 264 1
99 31 100
274 112 100
177 27 100
122 174 1
140 112 100
256 126 100
133 25 1
40 166 1
67 173 1
23 134 1
177 91 1
267 104 1
76 210 100
133 163 100
275 243 200
12 103 1
24 230 1
54 205 100
175 250 100
174 14 100
35 110 100
138 177 1
172 180 1
131 159 200
212 168 100
234 112 1
138 91 1
131 289 1
33 281 1
273 228 1
143 73 1
115 125 1
246 274 1
292 298 1
282 18 100
111 102 1
186 208 100
76 25 1
233 298 100
122 213 100
129 145 100
212 235 100
241 48 100
163 72 1
79 149 1
55 111 100
278 287 100
222 135 100
271 246 1
167 133 1
73 288 200
234 209 1
232 107 1
144 20 100
91 118 100
35 94 100
178 131 1
122 254 100
191 76 1
22 286 100
301 177 100
25 146 1
285 84 1
237 97 100
82 153 1
46 259 200
209 83 1
212 217 100
74 147 1
114 260 100
64 199 1
162 230 100
16 87 100
5 202 200
200 276 1
59 238 1
178 159 200
90 152 1
63 218 1
55 29 100
76 162 100
83 133 100
32 134 100
18 285 100
16 42 100
238 152 100
197 176 100
253 224 100
253 114 1
14 33 1
227 21 1
86 278 100
297 14 1
170 140 100
22 214 1
150 144 100
23 40 1
153 224 100
85 111 1
92 169 1
15 72 1
47 296 1
48 79 1
45 255 100
68 63 100
44 230 100
197 208 1
109 160 1
132 17 1
84 176 100
89 243 1
180 211 1
123 49 1
25 210 100
34 37 100
185 237 1
156 200 1
209 158 100
89 184 100
43 247 100
218 12 100
159 89 1
62 65 1
185 98 1
280 169 100
300 172 200
51 273 100
76 56 1
277 81 1
289 159 200
44 210 1
188 251 100
2 4 1
39 63 1
257 148 1
94 34 1
2 131 200
88 162 100
219 48 100
295 82 1
275 178 1
235 217 1
146 15 100
45 54 100
122 222 100
153 45 100
259 172 1
190 240 1
267 58 100
130 62 1
143 265 1
262 204 100
264 249 1
221 17 1
70 241 100
18 84 100
4 275 200
59 220 1
206 135 1
233 159 1
6 265 200
233 280 1
58 109 1
73 243 200
27 179 100
152 237 100
145 125 1
186 108 1
106 267 100
69 160 1
279 46 1
138 284 1
42 18 1
234 272 1
284 290 100
84 145 100
185 212 100
202 233 200
169 218 100
193 213 100
26 190 1
251 179 1
154 273 100
24 50 100
52 86 100
4 202 200
258 52 100
106 27 1
169 166 100
135 150 1
251 196 1
54 179 1
67 58 1
85 47 1
151 160 1
295 253 1
100 243 1
216 87 1
214 127 1
250 128 100
131 233 200
232 43 1
110 214 100
62 242 100
65 139 100
195 291 100
75 54 100
49 123 1
65 107 1
265 248 200
235 270 1
142 195 100
68 170 100
39 200 100
235 148 200
270 180 200
227 23 100
268 218 100
238 90 100
97 212 1
76 41 100
16 206 1
236 46 100
129 197 1
296 47 1
27 54 100
268 227 1
142 183 1
63 23 1
37 47 100
73 289 1
57 242 1
109 86 1
147 83 1
244 77 1
260 104 100
92 32 1
269 125 1
47 116 100
164 99 1
141 115 1
237 189 1
233 266 1
235 300 1
58 43 100
167 25 1
198 280 1
164 244 100
168 235 1
279 117 1
47 114 100
95 103 100
245 122 100
283 296 100
255 151 100
61 109 100
102 126 1
157 283 100
231 127 1
139 90 1
286 85 1
20 262 100
60 55 1
92 298 1
91 106 100
184 268 1
224 45 1
82 253 1
30 137 1
216 182 100
50 33 1
30 105 1
116 290 100
218 95 1
235 279 1
95 134 1
172 28 1
31 223 100
138 260 100
151 69 1
231 214 1
150 282 1
265 289 1
101 39 1
156 274 1
160 62 100
90 161 100
263 51 1
248 233 1
110 22 100
73 178 1
161 225 1
15 48 100
284 27 100
125 261 100
235 28 200
203 273 100
132 124 100
214 301 100
106 196 100
73 248 200
18 144 1
40 140 100
282 108 100
125 113 100
177 106 100
159 92 100
224 179 100
172 211 1
189 96 1
216 42 1
157 71 100
177 153 1
110 252 1
248 243 1
68 32 1
153 91 1
97 46 100
166 276 100
35 30 100
3 8 1
72 15 1
241 193 100
40 170 1
183 250 100
12 83 100
252 127 100
117 211 200
272 70 100
50 222 1
26 299 1
137 127 100
234 88 100
88 210 100
115 269 1
58 238 100
133 191 1
175 142 1
63 170 1
239 174 1
186 78 1
36 110 100
290 188 1
190 66 100
219 163 1
83 112 1
202 194 1
173 59 100
112 147 1
252 30 1
108 195 1
17 212 1
13 279 1
97 165 1
291 84 1
207 20 1
278 38 100
293 226 1
53 262 1
123 13 100
104 196 1
7 11 1
291 99 100
246 200 1
279 257 200
80 167 100
53 99 1
298 40 100
117 13 1
264 98 1
130 59 1
187 86 100
91 295 1
226 237 100
29 85 1
46 257 200
289 131 1
103 80 100
260 106 1
134 218 1
84 197 1
247 98 100
298 39 100
42 108 1
86 65 100
196 151 100
245 219 1
129 20 1
8 5 1
154 51 1
173 65 100
213 215 100
118 27 1
253 177 1
245 48 100
94 157 1
88 15 100
283 231 1
258 75 1
192 135 1
56 15 100
150 87 100
291 207 1
205 43 100
243 89 1
254 222 1
130 65 1
170 171 100
166 134 1
175 215 1
154 228 100
57 155 100
21 166 100
30 94 1
183 282 1
96 161 1
145 154 100
246 80 100
77 51 1
57 287 1
194 89 200
171 276 1
99 261 100
112 272 1
75 258 1
70 15 100
298 184 1
36 66 100
44 72 1
130 139 100
102 229 1
52 255 1
238 220 1
236 168 100
73 265 1
193 48 1
288 233 1
27 118 1
194 198 200
212 221 1
85 253 100
10 8 1
282 42 100
11 3 1
256 37 1
220 43 1
44 163 1
187 205 100
36 26 1
113 263 1
244 113 1
265 243 200
153 295 1
199 150 100
219 210 1
291 129 1
122 48 1
300 13 1
120 73 1
97 124 100
178 265 1
119 132 1
291 285 1
258 267 100
214 29 100
268 92 1
148 259 1
288 184 100
184 63 100
69 59 100
154 263 1
184 68 1
271 74 100
151 278 100
229 47 1
120 265 1
217 148 200
253 290 100
79 122 1
178 194 1
196 61 1
45 104 100
168 46 1
205 58 1
149 297 100
227 95 100
260 187 100
230 122 1
34 66 1
14 213 1
238 62 1
138 106 100
262 141 1
49 117 100
178 243 200
119 46 100
285 197 1
230 193 1
60 301 100
286 138 100
190 35 1
88 41 100
134 200 100
76 163 100
52 104 1
28 172 1
284 116 1
283 55 1
83 25 100
7 5 1
189 98 1
274 171 1
123 235 100
156 272 100
63 12 100
261 26 100
176 113 100
253 75 100
87 197 100
55 256 1
156 74 100
55 85 100
129 262 100
37 85 100
227 134 100
107 278 1
131 288 200
28 19 1
86 205 1
106 251 100
43 130 1
264 221 100
102 286 1
261 51 1
131 143 1
98 249 1
180 28 1
171 274 1
60 29 100
32 268 1
115 145 1
208 182 1
121 174 1
169 268 1
71 286 100
256 296 100
258 45 1
207 99 100
190 136 1
15 219 1
258 260 1
137 256 100
34 256 100
59 278 1
214 102 100
159 169 100
242 189 100
109 65 100
38 90 1
35 240 1
124 13 1
301 284 100
293 249 100
187 267 1
211 257 1
187 67 100
211 81 1
40 274 100
155 189 1
273 157 100
65 278 1
281 297 1
150 16 1
56 76 1
155 161 1
148 257 1
278 57 100
275 120 1
211 148 1
77 223 100
217 257 200
119 123 1
241 219 1
14 183 100
123 212 1
14 282 100
9 11 1
289 178 1
159 198 1
18 250 1
204 136 100
103 209 100
269 204 100
129 115 100
236 17 1
113 190 100
3 289 200
158 88 1
74 112 1
200 74 100
296 91 100
61 173 100
117 168 1
81 211 1
172 148 1
19 148 1
275 266 200
225 17 100
213 50 1
70 219 100
75 290 1
83 272 1
246 171 1
233 268 100
157 110 1
169 95 100
58 130 100
158 76 1
192 183 1
112 201 1
276 272 100
219 174 100
178 275 1
68 95 100
13 217 1
288 68 100
298 134 100
184 134 100
119 17 1
240 30 100
296 284 100
298 63 100
83 76 100
59 62 1
23 276 100
127 47 100
9 275 200
66 94 1
106 61 100
39 171 100
228 273 1
247 189 100
215 150 1
132 300 100
145 77 100
240 93 100
71 111 100
10 194 200
218 274 100
103 271 1
200 12 1
290 196 100
231 283 1
47 82 100
144 291 100
90 96 100
133 76 1
212 165 1
208 141 100
139 249 100
136 94 100
300 217 1
198 21 100
243 266 1
25 167 1
199 14 1
179 104 1
84 269 100
200 112 100
6 7 1
268 63 100
194 178 1
252 37 100
208 269 100
12 294 100
275 289 1
285 145 100
260 251 100
122 297 100
162 41 1
296 295 100
196 69 100
201 74 1
73 100 200
210 174 100
237 155 1
117 300 1
207 285 1
94 105 1
9 6 1
74 294 1
245 174 100
112 56 100
254 215 100
238 293 100
195 18 1
252 55 100
105 34 1
301 126 1
185 225 1
261 299 100
251 54 1
38 264 100
139 225 100
225 249 1
255 179 1
242 293 1
91 114 1
113 204 1
294 272 1
125 263 100
213 281 1
232 38 100
44 48 100
53 113 100
76 44 100
167 44 100
181 58 1
11 73 200
209 167 100
290 45 1
75 255 100
170 95 1
213 297 1
248 198 1
196 52 1
211 28 1
138 116 1
240 94 100
241 44 1
204 203 1
230 199 100
188 290 1
296 177 100
26 252 100
215 78 100
182 164 100
51 35 100
270 124 1
63 140 100
189 132 100
254 50 1
220 38 100
137 252 1
300 19 200
42 78 1
21 39 100
98 155 1
125 141 1
64 175 100
283 126 100
220 57 100
251 61 1
263 31 1
171 200 1
215 144 100
85 82 100
27 290 1
165 13 100
31 204 1
30 22 100
87 250 1
157 66 1
299 228 1
11 2 1
104 205 100
277 1 1200
48 14 100
147 25 100
52 54 1
296 126 1
209 201 1
43 238 1
29 301 1
281 254 1
285 20 1
99 115 1
273 299 1
279 270 1
72 122 100
30 34 1
219 162 1
155 237 1
174 50 100
43 65 1
153 177 1
81 259 1
90 249 100
100 268 100
127 126 100
68 169 1
181 173 1
33 64 1
117 259 200
166 156 100
165 46 100
18 128 100
11 10 1
154 26 100
109 181 1
121 199 100
300 235 1
109 205 1
29 138 100
208 99 100
287 225 100
70 162 100
46 270 1
79 64 100
136 110 100
54 151 100
149 199 100
215 16 1
151 130 100
225 155 1
6 5 1
68 292 1
174 48 1
222 215 100
144 42 1
117 19 200
65 247 100
136 299 1
25 245 100
143 100 200
147 209 1
168 180 200
51 190 100
201 80 1
29 296 1
24 121 1
260 179 100
3 178 200
272 76 100
238 247 100
232 130 1
134 63 1
207 115 100
6 120 200
167 241 100
37 102 100
170 200 100
295 290 100
261 204 1
108 129 100
266 292 100
279 172 200
284 253 1
244 31 1
168 277 200
46 81 200
236 235 100
153 260 100
152 247 1
237 165 100
213 150 100
123 119 1
231 37 1
206 42 100
38 189 100
42 285 100
44 79 100
209 70 100
236 279 100
16 250 100
89 32 100
70 44 100
147 76 100
249 236 100
254 281 1
174 230 1
7 6 1
276 171 1
78 87 1
91 188 100
291 125 100
214 283 1
101 134 1
67 130 100
141 269 1
91 284 1
33 254 1
212 124 100
93 66 1
132 236 1
270 81 200
111 82 100
217 28 200
179 109 100
25 88 1
155 17 100
255 61 1
240 228 1
80 147 1
80 133 100
274 272 100
58 107 100
150 42 100
109 107 100
250 18 1
61 69 100
175 135 1
258 118 1
230 149 1
276 209 100
37 55 1
181 278 100
35 223 1
34 127 100
218 103 100
228 26 1
280 89 1
123 168 100
196 173 100
159 266 1
170 218 1
3 131 200
227 268 1
36 137 100
206 250 100
278 130 1
298 68 1
122 281 100
210 122 100
275 89 200
143 131 1
31 263 1
54 187 1
18 195 1
102 296 1
49 46 100
20 291 1
230 239 1
250 186 1
142 135 1
102 284 100
217 277 200
124 19 200
146 241 100
288 243 1
16 282 1
194 265 1
3 202 200
254 142 100
105 110 1
266 100 1
259 1 1200
138 253 1
220 293 100
267 61 1
2 9 1
28 81 1
190 34 100
112 146 100
164 115 1
186 285 100
20 197 1
142 18 100
3 4 1
12 246 1
301 85 1
234 201 1
258 187 100
253 153 1
294 74 1
8 3 1
176 164 1
183 215 1
21 134 100
260 45 1
164 53 1
159 292 100
114 138 1
188 75 1
222 282 100
288 21 100
250 207 100
228 30 100
162 24 100
134 140 100
241 72 1
34 105 1
67 69 1
72 121 100
67 59 100
285 129 1
145 204 100
21 292 1
106 255 100
268 292 1
276 201 100
247 152 1
176 115 1
89 298 100
279 13 1
59 139 100
107 232 1
294 112 1
181 151 1
28 257 1
18 182 100
171 80 100
64 282 100
36 299 1
248 159 1
186 84 100
116 284 1
10 289 200
80 158 100
297 254 1
242 161 100
149 24 1
221 300 100
297 222 1
286 284 100
253 106 100
213 64 1
153 118 100
135 175 1
50 135 100
278 293 100
210 149 100
252 22 100
17 13 100
175 282 1
90 287 1
132 49 1
166 40 1
23 63 1
234 25 100
79 33 100
78 20 100
44 121 100
133 56 1
13 148 200
284 106 100
136 93 100
120 202 1
202 266 200
82 295 1
152 161 100
53 154 100
6 143 200
66 93 1
239 222 100
95 166 1
78 129 100
98 237 1
207 129 1
287 247 1
230 64 100
255 205 100
287 264 100
183 195 100
184 40 100
270 13 1
122 193 1
299 157 100
218 276 100
229 102 1
246 12 1
28 1 1200
128 129 1
280 298 100
119 270 100
146 210 100
189 155 1
109 62 100
43 38 100
232 152 100
244 154 1
111 286 1
299 35 1
235 277 200
38 242 1
25 72 100
228 36 1
154 36 100
121 281 100
235 259 200
266 21 100
60 71 1
300 277 200
204 261 1
25 41 100
140 294 100
17 124 100
48 33 100
39 95 1
242 287 1
163 15 1
198 32 100
136 105 100
119 117 100
249 189 1
64 16 100
280 21 100
276 80 100
250 216 1
101 103 100
200 271 1
294 80 1
202 159 200
63 171 100
115 176 1
4 194 200
22 283 1
92 101 100
250 197 100
215 192 1
155 236 100
216 144 1
205 67 1
100 298 100
7 289 200
192 216 100
230 174 1
141 261 100
10 7 1
173 67 1
151 109 1
49 217 100
229 82 100
65 220 1
216 291 100
195 87 1
232 226 100
64 222 1
234 294 1
52 196 1
266 169 100
26 137 100
205 278 100
19 81 1
272 80 1
144 186 1
73 275 1
120 100 200
248 280 1
115 262 1
77 203 1
190 223 1
50 199 1
24 193 1
105 137 1
61 160 100
69 173 1
83 56 100
27 260 1
120 89 200
36 240 1
269 203 100
52 251 1
118 251 100
291 128 1
165 236 1
174 33 100
151 59 100
21 23 100
136 273 1
274 234 100
86 107 100
35 26 1
49 279 100
234 191 100
253 27 100
247 293 1
88 70 1
163 245 1
292 40 100
29 126 1
91 116 1
287 90 1
175 78 100
100 159 1
185 119 100
259 257 1
125 154 100
187 255 1
112 209 1
44 245 1
239 121 1
219 79 100
130 107 1
211 277 1
208 145 100
292 169 1
126 286 1
147 146 100
171 74 100
285 99 100
72 230 100
75 251 100
46 13 1
185 165 100
38 161 100
208 115 100
46 19 200
92 23 100
139 242 1
38 226 1
188 54 100
292 227 1
215 135 1
65 90 100
26 240 1
254 175 100
279 259 200
236 97 1
185 49 100
207 141 100
159 268 100
177 82 1
12 209 100
53 31 100
189 119 100
116 224 100
191 245 100
9 143 200
105 71 100
192 16 1
217 270 1
63 156 100
225 161 1
260 52 100
21 298 1
281 192 100
94 231 100
292 95 100
232 57 100
33 213 1
104 67 100
73 202 1
271 147 100
261 240 100
9 2 1
12 276 1
183 206 1
155 132 100
59 107 1
60 283 1
130 247 100
183 42 100
251 205 100
116 138 1
85 114 100
191 25 1
8 73 200
148 172 1
65 238 1
263 273 100
281 50 1
139 155 100
90 225 100
9 3 1
150 215 1
169 101 100
14 175 100
28 259 1
240 252 100
173 130 100
43 57 100
102 91 100
128 145 100
244 136 100
300 211 200
17 168 100
273 240 1
19 28 1
110 231 100
243 68 100
17 165 1
56 133 1
111 301 1
229 253 100
22 60 1
124 148 200
226 293 1
9 73 200
42 144 1
120 248 200
78 182 100
122 199 100
153 188 100
10 4 1
241 162 1
101 166 1
223 36 1
298 166 100
223 34 100
152 249 100
178 289 1
14 150 100
278 242 100
232 238 1
257 19 1
2 11 1
184 39 100
98 212 100
179 251 1
94 214 100
145 244 100
66 105 1
240 110 100
277 148 1
270 172 200
221 212 1
282 216 100
87 78 1
219 72 1
13 28 200
208 285 1
140 276 1
225 97 100
194 143 1
205 173 1
11 8 1
120 178 1
227 68 1
2 73 200
282 150 1
280 243 1
89 169 100
287 139 1
52 173 100
244 299 100
162 122 100
125 269 1
114 295 1
130 287 100
124 217 1
273 137 100
136 223 1
141 99 1
141 263 100
4 9 1
71 60 1
251 181 100
186 18 1
142 16 1
247 90 1
17 300 100
272 294 1
104 181 100
112 191 100
202 280 200
7 143 200
270 300 1
253 116 1
18 78 1
214 71 1
97 300 100
292 218 100
282 135 1
296 253 100
194 73 1
149 79 1
242 185 100
202 143 1
185 264 1
12 112 100
133 44 100
199 135 100
134 95 1
282 192 1
226 57 1
13 19 200
192 144 100
164 261 100
97 236 1
14 222 1
107 152 100
44 24 100
60 37 1
210 193 100
58 86 1
65 62 1
190 157 100
161 185 1
203 136 100
274 209 100
44 239 100
129 53 100
2 3 1
255 69 100
98 189 1
215 108 100
293 57 1
15 44 1
84 182 1
26 35 1
289 194 1
94 110 1
281 14 1
37 231 1
96 119 100
222 213 1
148 19 1
170 101 1
197 262 100
56 219 100
197 285 1
51 240 100
205 62 100
48 50 100
284 177 1
281 142 100
128 84 1
16 192 1
145 176 1
290 260 1
78 195 1
168 117 1
7 2 1
251 160 100
16 215 1
145 262 1
188 106 1
186 128 100
154 136 100
69 65 100
89 288 1
203 36 100
298 268 1
204 36 100
289 100 200
59 247 100
4 7 1
133 219 100
55 60 1
277 28 1
189 221 100
10 265 200
152 98 100
195 186 1
149 222 100
189 225 1
74 234 1
164 113 100
108 84 100
64 297 1
87 18 1
229 29 1
158 133 1
237 264 1
190 30 100
107 220 1
126 111 1
20 182 1
57 189 100
207 145 100
140 83 100
168 211 200
45 258 1
240 26 1
10 202 200
17 123 1
42 291 100
186 129 100
203 190 100
93 60 100
193 281 100
183 144 100
196 58 100
252 137 1
294 146 100
81 1 1200
197 129 1
241 79 100
17 117 100
230 14 100
295 188 100
125 145 1
32 39 100
62 59 1
162 149 100
139 98 100
95 101 1
15 79 100
114 91 1
166 170 1
57 237 100
104 251 1
184 292 1
47 286 1
42 128 100
88 56 1
59 90 100
118 188 1
278 59 1
187 109 100
175 186 100
178 100 200
67 151 1
23 39 1
296 116 100
71 256 1
32 298 1
115 204 100
208 20 1
173 181 1
279 300 1
269 154 100
69 232 100
182 125 100
137 231 100
57 249 100
169 32 1
60 22 1
222 142 100
233 292 100
287 293 1
186 207 100
60 85 100
106 260 1
32 166 100
193 50 100
235 81 200
60 296 100
293 98 100
297 16 100
202 243 200
295 27 100
203 223 100
266 198 1
33 183 100
191 158 1
294 191 100
178 288 200
9 8 1
120 275 1
234 56 100
177 258 100
111 177 100
195 108 1
208 164 100
36 273 1
293 155 100
176 145 1
213 183 100
263 204 1
196 104 1
99 262 1
170 166 1
137 66 1
71 47 100
261 273 100
147 158 100
11 143 200
249 123 100
160 151 1
260 188 1
10 275 200
225 221 100
298 169 1
134 171 100
13 46 1
46 117 1
181 220 100
156 246 1
96 212 100
24 222 100
268 21 1
288 298 100
226 189 100
82 224 100
4 265 200
254 192 100
168 279 1
281 33 1
210 48 100
8 194 200
13 211 200
81 19 1
292 21 1
188 27 1
158 163 100
267 251 1
162 121 100
276 271 1
11 120 200
142 150 1
275 159 200
97 117 100
198 227 100
202 120 1
203 113 1
14 199 1
100 21 100
213 135 100
86 67 1
215 186 100
176 154 100
231 47 100
237 119 100
281 135 100
115 244 100
110 137 1
118 290 1
78 285 100
84 125 100
256 29 100
108 20 100
128 115 100
221 46 100
299 223 1
88 245 100
241 174 100
106 258 1
109 151 1
157 252 1
163 122 100
207 128 1
289 120 1
247 38 1
261 244 1
50 16 100
158 25 1
75 260 1
74 70 100
48 24 1
166 246 100
167 15 100
249 185 1
59 287 100
256 301 100
62 232 1
142 108 100
274 294 100
123 300 100
78 216 1
61 255 1
133 41 100
193 297 100
27 267 100
18 87 1
10 6 1
159 227 100
114 284 1
213 14 1
214 256 1
224 52 100
6 178 200
154 261 1
100 227 100
86 238 100
100 233 1
93 256 100
137 94 1
71 229 100
68 40 100
157 94 1
204 223 100
301 91 100
116 82 1
201 133 100
90 98 100
274 156 1
79 14 100
142 216 100
251 255 1
237 225 1
99 51 100
80 70 100
197 99 100
2 178 200
226 152 1
220 278 1
72 245 1
183 175 1
289 198 200
4 143 200
6 73 200
72 219 1
295 177 1
192 87 100
169 23 100
239 254 100
229 116 100
89 100 1
267 109 100
160 181 1
93 231 100
71 102 100
207 84 1
173 220 100
251 67 100
243 184 100
168 148 200
292 101 100
217 117 1
198 169 100
32 40 100
173 160 1
184 92 1
226 90 1
115 261 100
255 52 1
248 268 100
95 63 1
65 232 1
289 89 200
86 220 100
297 183 100
259 180 1
146 72 100
69 58 1
62 38 100
188 258 1
282 183 1
54 173 100
194 288 200
246 272 100
156 201 100
240 36 1
187 196 1
98 161 1
130 220 1
43 226 100
90 155 100
218 166 1
202 198 200
212 279 100
77 113 1
3 265 200
258 196 100
223 137 100
134 156 100
223 157 100
147 133 100
203 261 1
54 69 100
264 161 1
243 292 100
59 65 1
278 43 1
24 64 100
293 96 100
178 233 200
72 210 1
22 47 100
93 137 1
80 83 1
160 238 100
113 51 1
34 60 100
181 67 1
102 301 1
204 240 100
108 216 1
265 120 1
56 245 100
26 34 100
198 288 1
49 119 1
191 241 100
91 45 100
278 65 1
175 42 100
226 247 1
225 98 1
85 116 100
218 23 1
137 60 100
76 146 1
105 256 100
135 87 100
112 80 1
118 75 1
55 214 1
295 114 1
176 125 1
121 222 100
31 113 1
2 7 1
5 73 200
167 163 100
296 102 1
95 271 100
183 16 1
148 28 1
70 76 1
126 102 1
156 80 100
119 124 100
116 114 1
128 285 1
262 203 100
286 153 100
177 138 1
180 148 1
105 157 1
222 175 100
174 79 1
214 296 100
151 65 100
22 29 100
198 92 100
192 18 100
126 114 100
264 17 100
275 194 1
150 183 1
113 223 100
127 71 1
69 43 100
5 10 1
23 103 100
202 73 1
78 250 1
296 85 1
157 30 1
66 71 100
90 293 1
267 86 100
184 218 100
287 152 1
57 38 1
133 162 100
183 87 100
221 132 1
223 299 1
72 41 1
11 178 200
83 201 1
199 142 100
35 66 100
2 202 200
119 279 100
37 126 100
265 275 1
159 68 100
65 226 100
171 147 100
177 116 1
232 59 1
252 110 1
245 149 100
166 39 1
100 248 1
158 44 100
76 88 1
151 232 100
98 185 1
294 88 100
215 142 1
276 294 100
266 68 100
74 88 100
270 235 1
212 236 1
4 8 1
139 38 1
171 83 100
203 31 1
113 36 100
167 88 1
265 194 1
68 227 1
103 201 100
158 219 100
240 223 1
298 292 1
127 231 1
121 79 1
163 41 1
263 299 100
239 149 1
39 40 1
199 213 1
100 288 1
188 104 100
173 109 1
50 150 100
32 184 1
290 224 1
187 181 100
112 88 100
136 190 1
260 75 1
60 127 1
96 123 100
46 172 200
179 255 1
48 239 1
249 225 1
31 299 100
262 125 1
262 176 1
5 265 200
102 29 1
241 163 1
177 114 1
56 70 1
114 290 100
29 153 100
248 266 1
4 11 1
164 51 100
247 96 100
265 233 200
24 122 1
127 85 100
86 62 100
70 146 1
45 52 100
134 101 1
117 124 1
286 296 1
161 236 100
99 204 100
38 237 100
179 54 1
158 72 100
175 192 1
176 141 1
236 132 1
137 283 100
287 189 100
249 237 1
144 87 1
61 187 1
54 58 100
139 152 1
296 111 1
23 156 100
11 194 200
286 82 100
297 150 100
249 161 1
189 97 100
13 180 200
53 203 100
108 128 100
205 69 1
33 16 100
233 92 100
171 294 100
299 136 1
82 118 100
235 46 1
219 44 1
91 27 100
36 93 100
29 111 1
292 32 1
285 115 100
143 280 200
57 185 100
27 196 100
194 131 1
129 176 100
116 91 1
249 17 100
6 2 1
40 95 1
119 165 1
85 177 100
158 146 1
105 55 100
239 193 1
28 180 1
131 275 1
107 130 1
187 160 100
241 41 1
60 126 100
47 102 1
42 207 100
66 252 1
140 103 1
97 123 1
75 196 100
174 239 1
196 267 1
47 126 1
42 216 1
12 234 100
259 211 1
26 157 100
260 61 100
151 173 1
176 77 100
140 234 100
252 283 100
41 210 1
143 198 200
291 164 100
53 164 1
62 43 1
4 6 1
243 159 1
278 232 1
210 219 1
91 177 1
214 126 100
280 248 1
79 297 100
52 160 100
250 291 100
22 301 100
39 218 1
222 281 1
51 204 1
164 145 1
259 277 1
77 228 100
250 108 1
56 241 100
139 96 100
225 185 1
223 93 100
275 198 200
189 236 100
242 225 100
109 220 100
58 65 100
185 221 100
7 120 200
286 229 1
54 67 100
212 49 1
246 147 100
248 292 100
222 192 100
27 224 1
277 257 1
105 22 100
209 147 1
108 18 1
206 215 1
71 22 1
176 261 100
182 141 100
119 300 100
32 68 1
208 128 1
290 179 100
231 296 100
81 172 1
180 81 1
14 16 100
72 193 100
155 123 100
287 226 1
192 206 1
51 203 1
245 79 100
128 197 1
68 218 100
124 211 200
23 170 1
19 277 1
156 83 100
131 265 1
31 154 1
25 163 100
149 193 1
33 282 100
157 127 100
262 154 100
46 168 1
73 131 1
165 97 1
186 144 1
99 244 100
234 80 1
256 283 1
74 133 100
161 189 1
232 65 1
283 301 100
269 262 1
166 63 1
83 234 1
285 182 1
261 31 1
222 14 1
57 139 1
267 173 100
144 197 100
24 33 100
74 83 1
148 1 1200
146 245 100
108 144 1
174 213 100
281 150 100
49 97 1
121 149 1
135 250 100
104 54 1
119 97 1
45 187 100
85 301 1
206 192 1
29 295 100
156 171 1
154 223 100
238 226 100
149 213 100
146 41 100
273 190 1
21 32 1
258 61 100
107 139 100
138 118 100
221 97 1
48 121 1
61 104 1
279 124 1
43 220 1
153 75 100
293 185 100
230 254 100
39 156 100
137 214 100
129 291 1
206 18 100
162 239 100
217 46 1
81 180 1
173 107 100
116 27 100
124 277 200
254 282 100
301 295 100
268 95 100
269 176 1
205 151 1
261 154 1
141 31 100
219 239 100
118 52 100
97 17 1
272 74 1
22 256 1
148 81 1
268 170 100
252 105 1
202 289 1
23 246 100
6 4 1
39 271 100
120 280 200
261 77 1
94 93 1
87 208 100
200 294 100
121 213 100
8 178 200
105 66 1
168 28 200
69 109 1
38 287 1
206 142 1
102 82 100
67 43 100
41 149 100
129 269 100
70 88 1
291 208 1
271 201 100
137 157 1
89 159 1
30 110 1
138 75 100
48 64 100
190 94 100
9 194 200
271 156 1
133 146 1
278 152 100
199 50 1
280 32 100
43 242 100
179 86 100
98 132 100
103 140 1
68 92 1
207 164 100
271 272 100
6 10 1
66 30 1
280 227 100
295 153 1
92 166 100
196 109 100
93 34 1
4 5 1
250 208 100
38 249 100
151 58 1
32 292 1
70 25 1
275 73 1
194 120 1
163 210 1
24 239 1
239 33 100
107 90 100
112 70 100
211 1 1200
66 60 100
284 114 1
82 260 100
6 131 200
103 200 1
174 24 1
225 96 1
165 279 100
47 91 100
31 240 100
13 270 1
220 90 100
96 132 100
62 152 100
80 294 1
228 190 1
37 214 1
272 158 100
176 263 100
50 175 100
56 191 1
228 223 1
123 217 100
201 83 1
300 279 1
71 214 1
267 187 1
147 294 1
236 270 100
216 129 100
241 230 100
126 253 100
227 39 100
42 208 100
297 64 1
83 209 1
164 269 1
249 49 100
57 161 100
208 84 1
266 89 1
156 147 100
132 168 100
179 187 1
41 241 1
123 236 1
191 133 1
62 90 100
252 71 100
234 146 100
272 234 1
299 252 100
142 192 1
213 192 100
15 149 100
243 169 100
269 244 100
131 243 200
236 119 1
163 121 100
157 256 100
162 15 1
210 163 1
110 157 1
239 199 100
135 144 100
88 72 100
45 290 1
237 96 1
206 186 100
267 179 1
170 39 1
114 118 100
75 224 1
104 61 1
281 183 100
168 217 1
22 102 100
38 185 100
143 120 1
191 210 100
165 168 100
181 107 100
94 22 100
223 26 1
50 183 100
200 234 100
61 179 1
40 246 100
193 239 1
167 70 1
152 57 1
29 284 100
172 277 1
44 162 1
132 117 100
114 153 1
238 232 1
53 77 100
167 76 1
152 226 1
124 168 1
70 158 1
225 132 100
153 138 1
110 55 100
299 240 1
26 66 100
78 84 100
77 36 100
174 121 1
126 47 1
271 171 1
168 270 1
126 284 100
116 153 1
107 43 1
287 185 100
126 229 1
293 38 1
291 176 100
46 124 1
61 86 100
271 80 100
143 89 200
214 37 1
269 31 100
110 93 1
97 13 100
218 140 100
19 211 1
107 62 1
124 46 1
291 141 100
52 181 100
106 54 100
118 45 1
181 43 100
208 129 1
37 22 1
15 162 1
39 170 1
2 265 200
98 17 100
220 59 1
202 275 1
242 264 100
216 250 1
43 107 1
80 234 1
245 15 1
173 205 1
301 111 1
140 12 1
175 18 100
99 269 1
100 266 1
34 157 1
301 47 1
96 249 1
263 244 1
111 296 1
88 158 1
45 251 100
228 93 100
53 204 100
194 266 200
99 53 1
242 90 1
111 138 100
47 138 100
283 229 100
58 59 100
180 277 1
122 79 1
99 145 1
228 110 100
272 83 1
25 56 1
82 188 100
46 28 200
35 136 1
261 190 100
161 123 100
210 245 1
235 117 1
64 281 1
57 247 1
164 141 1
5 7 1
40 101 1
294 56 100
289 266 200
23 166 1
115 77 100
48 281 100
15 163 1
245 163 1
176 99 1
299 94 100
204 228 100
213 33 1
254 206 100
248 184 100
163 24 100
204 113 1
118 179 100
278 238 1
45 27 1
149 230 1
231 102 100
233 184 100
256 286 100
125 203 100
12 271 1
49 132 1
155 165 100
33 222 1
262 115 1
103 112 100
198 89 1
8 4 1
232 287 100
233 243 1
78 144 1
170 276 100
225 123 100
48 230 1
94 71 100
136 137 100
75 267 100
192 78 100
128 182 1
299 105 100
92 218 100
282 142 1
210 15 1
200 83 100
245 44 1
153 253 1
239 213 100
194 280 200
264 225 1
31 228 100
131 202 1
24 254 100
80 74 1
263 77 1
293 161 100
244 203 1
209 272 1
87 207 100
182 291 1
220 139 100
281 64 1
117 235 1
20 164 100
264 155 1
161 165 100
196 67 100
245 193 100
300 124 1
124 279 1
290 118 1
255 54 1
77 263 1
276 103 1
288 266 1
86 151 1
199 297 1
99 176 1
267 69 100
86 160 1
34 30 1
152 242 1
187 104 1
201 191 100
90 242 1
30 71 100
181 62 100
264 132 100
221 279 100
74 76 100
273 30 100
295 258 100
69 86 1
22 231 1
36 34 100
282 186 100
224 104 100
70 133 1
74 158 100
172 1 1200
185 96 1
92 184 1
155 264 1
128 269 100
200 274 1
292 92 1
33 199 1
71 55 1
249 165 100
92 21 1
222 199 1
101 274 100
225 119 100
103 74 100
224 106 1
127 55 1
191 15 100
227 166 100
193 199 100
270 168 1
134 40 1
182 128 1
93 283 100
234 76 100
182 197 1
170 12 100
160 58 1
12 274 1
102 138 100
15 24 100
101 63 1
132 13 100
139 264 100
97 270 100
184 170 100
136 34 100
176 203 100
26 273 1
111 116 100
239 64 100
34 214 100
126 85 1
237 98 1
163 230 100
255 267 1
111 114 100
58 173 1
229 286 1
145 164 1
98 97 100
117 217 1
135 78 100
5 3 1
27 258 1
195 207 100
226 264 100
16 186 100
263 36 100
104 255 1
33 206 100
155 185 1
162 241 1
96 98 1
125 115 1
20 176 100
169 227 1
205 130 100
263 26 100
79 121 1
240 105 100
288 198 1
124 235 1
204 154 1
205 232 100
72 239 100
40 12 100
275 143 1
160 220 100
206 175 1
189 264 1
212 97 1
162 72 1
186 195 1
157 37 100
253 258 100
41 239 100
102 153 100
292 170 100
86 69 1
224 187 100
224 260 1
88 191 1
200 140 1
127 22 1
186 216 1
55 22 1
199 282 100
165 217 100
30 231 100
200 147 100
49 235 100
169 298 1
52 109 100
55 231 1
250 285 100
127 214 1
117 257 200
132 270 100
183 186 100
245 162 1
143 202 1
88 146 1
155 212 100
92 95 100
293 242 1
241 24 100
49 17 1
294 201 1
144 84 100
54 52 1
166 171 100
270 257 200
85 29 1
242 226 1
197 125 100
155 249 1
220 232 1
265 159 200
40 171 100
135 282 1
133 72 100
40 23 1
301 253 100
169 184 1
131 248 200
274 201 100
12 156 1
52 205 100
55 47 100
62 130 1
242 139 1
65 293 100
104 160 100
10 131 200
114 224 100
243 280 1
229 85 1
123 124 100
48 297 100
113 31 1
270 19 200
215 216 100
9 120 200
77 261 1
41 122 100
51 228 100
244 190 100
63 95 1
64 206 100
115 51 100
8 143 200
229 111 1
55 286 100
281 16 100
30 55 100
87 42 1
41 245 1
276 200 1
41 174 100
231 29 100
183 142 1
290 258 1
67 232 100
22 127 1
256 229 100
204 77 1
158 241 100
92 170 100
101 23 1
197 207 1
244 204 1
228 105 100
224 188 1
283 85 100
288 248 1
45 75 1
254 213 1
116 118 100
299 36 1
296 229 1
79 24 1
299 66 100
193 79 1
222 50 1
166 271 100
250 78 1
67 62 100
141 53 1
89 248 1
132 165 1
203 244 1
51 154 1
266 92 100
286 126 1
203 26 100
144 108 1
5 4 1
82 45 100
230 33 100
283 22 1
95 140 100
13 235 1
197 164 100
229 177 100
49 270 100
279 148 200
255 196 1
71 231 1
112 74 1
256 55 1
99 263 100
129 182 1
160 278 100
101 276 100
253 82 1
84 208 1
271 12 1
293 287 1
77 136 100
87 128 100
247 264 100
89 227 100
175 150 1
41 193 100
82 258 100
141 113 100
284 188 100
210 44 1
188 187 100
139 293 1
188 255 100
93 252 1
199 215 100
275 280 200
209 146 100
257 172 1
181 205 1
164 203 100
31 136 100
66 283 100
120 288 200
113 261 1
154 113 1
171 140 1
203 263 1
126 177 100
15 193 100
216 186 1
245 241 1
247 225 100
106 118 1
204 35 100
217 259 200
87 291 100
27 45 1
286 29 1
137 30 1
3 7 1
273 66 100
31 77 1
82 91 1
297 192 100
121 48 1
89 21 100
271 140 1
26 228 1
262 99 1
61 52 1
255 67 100
231 256 1
238 139 100
177 224 100
173 86 1
258 224 1
196 179 1
25 162 100
265 266 200
67 86 1
277 259 1
149 50 100
62 278 1
135 183 1
280 288 1
101 40 1
79 230 1
7 275 200
216 195 1
106 224 1
82 284 1
280 92 100
169 39 100
227 298 1
190 228 1
103 272 100
271 209 100
104 151 100
133 88 1
106 290 1
8 10 1
103 156 1
167 158 1
191 167 1
209 80 1
30 93 1
80 112 1
142 78 100
115 31 100
182 285 1
220 130 1
223 273 1
192 150 1
229 114 100
161 221 100
293 152 1
107 293 100
173 238 100
67 278 100
144 182 100
138 295 1
93 30 1
182 262 100
129 84 1
197 141 100
182 53 100
72 241 1
239 122 1
84 20 1
280 233 1
263 261 1
262 113 100
64 213 1
274 271 1
18 20 100
131 266 200
156 140 1
50 64 1
44 41 1
222 297 1
97 132 1
7 194 200
294 25 100
111 29 1
75 27 1
279 81 200
191 219 100
274 276 1
301 138 100
84 53 100
137 34 1
250 42 1
15 241 1
217 279 1
134 271 100
274 103 1
41 44 1
268 169 1
14 254 1
284 295 1
248 298 100
21 184 1
27 255 100
237 49 100
221 270 100
154 203 1
185 189 1
211 259 1
165 221 1
140 147 100
18 216 1
56 158 1
290 52 100
83 146 100
87 186 1
31 35 100
166 103 100
257 1 1200
206 108 100
79 239 1
96 17 100
51 31 1
24 14 100
104 86 100
127 229 100
172 19 1
121 193 1
96 185 1
17 221 1
130 242 100
16 108 100
235 211 200
26 93 100
300 168 1
95 12 100
295 106 100
287 237 100
212 13 100
170 23 1
143 178 1
83 88 100
284 75 100
35 252 100
135 216 100
116 258 100
53 176 1
224 267 100
174 281 100
298 170 100
70 163 100
100 184 100
81 257 1
283 111 100
138 188 100
163 162 1
145 31 100
274 246 1
90 57 1
109 238 100
282 215 1
8 2 1
197 291 1
163 239 100
50 14 1
227 101 100
65 287 100
38 139 1
166 218 1
113 244 1
262 164 1
35 36 1
147 201 1
273 35 1
268 68 1
10 9 1
20 125 100
153 284 1
160 232 100
224 61 100
67 109 1
56 167 1
286 295 100
266 280 1
165 119 1
22 111 100
209 191 100
121 254 100
135 16 1
85 286 1
29 253 100
218 134 1
76 72 100
126 295 100
107 57 100
214 286 100
184 227 1
20 269 100
201 234 1
86 181 1
29 91 100
160 69 1
63 246 100
87 182 100
151 86 1
209 56 100
16 175 1
288 159 1
244 240 100
201 147 1
111 47 1
198 292 100
89 233 1
47 29 1
79 50 100
199 33 1
130 238 1
215 183 1
160 205 1
93 22 100
37 111 100
264 96 1
266 248 1
121 122 1
20 207 1
41 15 1
196 187 1
111 153 100
149 281 100
134 246 100
198 100 1
85 153 100
219 24 100
152 185 100
179 52 1
239 48 1
243 100 1
180 1 1200
142 206 1
141 145 1
12 201 100
300 180 200
35 105 100
14 206 100
69 181 1
193 14 100
33 175 100
58 181 1
159 288 1
10 11 1
187 54 1
195 182 100
5 178 200
226 139 1
269 53 1
75 104 100
233 68 100
3 9 1
109 67 1
201 167 100
18 129 100
301 296 1
132 123 1
260 27 1
218 101 1
284 45 100
230 121 1
232 242 100
228 94 100
270 259 200
105 93 1
127 296 100
168 81 200
69 238 100
243 198 1
276 246 1
193 230 1
9 5 1
146 133 1
224 75 1
294 209 1
165 49 1
54 61 1
256 71 1
31 203 1
257 180 1
36 190 1
256 60 1
59 242 100
141 244 100
2 10 1
92 227 1
207 125 100
145 53 1
139 57 1
80 76 100
39 134 1
269 164 1
19 180 1
4 289 200
267 52 1
102 114 100
251 267 1
61 58 100
94 137 1
147 234 1
217 124 1
226 96 100
216 197 100
64 142 100
76 167 1
233 89 1
96 97 100
249 212 100
156 12 1
142 144 100
198 233 1
227 184 1
179 160 100
179 58 100
72 149 100
19 1 1200
289 73 1
164 263 100
140 209 100
284 82 1
62 293 100
149 48 1
288 32 100
285 262 100
119 212 1
207 208 1
226 225 100
191 44 100
108 208 100
66 55 100
290 61 100
161 264 1
45 106 1
25 191 1
247 139 1
146 70 1
37 229 100
77 26 100
37 256 1
69 130 100
94 37 100
143 288 200
78 42 1
195 42 1
272 167 100
199 192 100
158 162 100
182 207 1
270 117 1
165 235 100
150 216 100
195 20 100
107 247 100
95 274 100
3 10 1
171 12 1
295 116 1
223 35 1
216 20 100
35 228 1
32 92 1
23 274 100
161 49 100
124 172 200
216 84 100
101 156 100
25 70 1
251 151 100
113 26 100
39 246 100
5 131 200
93 214 100
124 180 200
16 142 1
5 9 1
231 60 1
297 33 1
203 51 1
276 112 100
252 93 1
273 136 1
55 283 1
101 12 100
195 250 1
236 221 1
95 39 1
219 230 100
198 248 1
276 156 1
290 267 100
57 226 1
2 275 200
258 188 1
283 127 1
140 274 1
161 96 1
170 274 100
244 228 100
178 202 1
246 234 100
175 108 100
159 100 1
201 272 1
45 188 1
231 301 100
34 283 100
237 221 100
295 75 100
267 151 100
182 208 1
147 112 1
128 20 1
246 83 100
48 122 1
205 220 100
201 158 100
135 206 1
290 54 100
23 271 100
265 198 200
231 286 100
230 222 100
21 101 100
145 269 1
144 207 100
264 119 100
17 49 1
263 35 100
240 273 1
191 70 1
167 219 100
152 38 1
51 244 1
197 128 1
277 172 1
85 102 1
68 21 1
8 131 200
149 174 1
94 55 100
20 53 100
13 277 200
116 260 100
244 35 100
17 236 1
63 200 100
238 107 1
40 200 100
263 190 100
255 181 100
109 59 100
188 224 1
286 91 100
256 127 1
157 105 1
238 43 1
224 118 1
32 23 100
62 57 100
36 35 1
113 273 100
291 115 100
248 32 100
30 127 100
15 174 100
121 64 100
288 268 100
114 45 100
56 210 100
266 288 1
226 98 100
77 154 1
161 212 100
54 196 1
246 74 100
14 64 1
195 208 100
272 133 100
301 229 1
118 104 100
201 70 100
220 62 1
184 169 1
264 49 100
123 165 1
128 99 100
91 253 1
129 207 1
162 210 1
63 40 1
5 2 1
9 289 200
258 179 100
108 285 100
110 34 1
74 209 1
96 155 1
187 251 1
201 56 100
165 132 1
240 136 1
105 231 100
84 207 1
32 63 100
125 51 100
13 168 1
146 158 1
300 257 200
123 221 1
243 92 100
61 251 1
192 175 1
59 226 100
190 299 1
93 157 1
223 110 100
41 121 100
3 11 1
218 39 1
131 194 1
154 244 1
87 108 1
105 214 100
297 135 100
11 5 1
229 295 100
209 74 1
269 77 100
125 99 1
110 60 100
220 152 100
141 51 100
254 297 1
163 79 100
