10 290 3550
1200 1200 1200 1200 1200 1200 1200 1200 1200 1200
600 600 600 600 600 600 600 600 600 600 600 600 600 600 600 600 600 600 600 1200 600 600 600 600 600 600 600 600 600 600 600 600 600 600 600 600 600 600 600 600 600 600 600 600 600 600 600 1200 600 600 600 600 600 1200 1200 600 600 600 600 600 600 600 600 600 600 600 600 600 600 600 600 600 600 600 600 600 600 600 600 600 600 600 600 600 600 600 600 600 600 600 600 600 600 600 600 600 600 600 600 600 600 600 600 600 1200 600 600 600 600 600 600 600 600 600 600 600 600 1200 600 600 600 600 600 600 600 600 600 600 600 600 600 600 600 1200 600 600 600 600 600 600 600 600 600 600 600 600 600 600 600 600 600 600 600 1200 600 600 600 600 600 600 600 600 600 600 1200 600 600 600 600 1200 600 600 600 600 600 600 600 600 600 1200 600 600 600 600 600 600 600 600 600 600 600 600 600 600 600 600 600 600 600 600 600 600 600 600 1200 600 600 600 600 600 600 600 600 600 600 600 600 1200 600 600 600 600 600 600 600 600 600 600 1200 600 600 600 600 600 600 600 600 600 600 600 600 1200 600 600 600 600 600 600 600 1200 1200 600 600 600 600 1200 600 600 600 600 600 600 600 600 600 600 600 600 600 600 600 600 600 600 600 1200 600 600 600 600 1200 600 600 600 600 600 600 600 600 600
225 35 100
301 120 100
88 258 100
4 59 200
272 21 100
221 245 1
61 138 100
114 111 1
253 267 1
53 276 1
39 154 100
69 24 100
69 20 100
46 86 1
100 121 1
234 198 100
52 39 1
184 210 100
102 257 100
151 300 100
191 176 1
294 137 1
53 47 100
179 206 100
40 159 100
163 289 100
65 57 100
82 139 100
164 20 100
11 66 200
185 243 1
231 212 1
16 296 100
45 96 100
292 165 1
13 99 1
5 129 200
206 214 100
203 226 1
290 111 100
12 173 100
76 239 1
42 15 100
117 12 100
224 164 100
88 27 100
224 158 100
94 197 100
119 12 100
300 128 100
141 173 100
93 201 100
5 11 1
255 91 1
35 264 1
9 229 200
213 185 100
250 83 100
238 89 100
207 175 100
26 35 1
53 49 1
3 129 200
171 204 1
14 46 1
89 157 100
149 142 1
127 159 1
42 138 100
145 191 1
285 143 1
224 230 1
151 285 1
196 202 1
30 149 100
232 205 1
151 54 100
183 187 100
39 43 100
70 128 1
115 132 100
174 234 100
139 297 1
234 274 100
286 213 1
238 204 100
217 256 100
211 132 100
184 270 1
163 44 1
40 81 1
147 130 100
258 27 1
21 221 1
15 286 100
196 51 1
61 48 100
186 271 100
294 194 1
216 262 1
64 82 1
82 213 1
183 234 1
182 147 1
168 146 100
83 26 100
223 186 1
239 34 1
99 160 1
218 231 100
237 271 100
145 31 1
121 235 100
53 62 1
156 223 100
211 280 1
89 108 100
275 141 100
284 50 100
222 98 100
240 269 100
255 190 1
174 52 1
35 98 1
16 29 100
11 287 200
272 252 100
202 285 100
188 280 1
14 91 100
279 20 100
252 84 1
165 1 1200
48 130 1
168 260 100
130 278 1
164 219 100
295 248 1
28 274 1
273 230 1
250 271 1
57 266 100
73 263 1
277 230 100
153 220 100
188 13 100
291 197 1
67 185 1
165 261 1
31 292 1
173 237 1
274 247 1
178 258 1
50 44 1
197 195 100
50 147 100
98 264 1
119 141 100
87 36 100
266 204 100
146 29 1
67 243 1
128 141 1
274 282 100
189 147 100
186 237 1
75 195 1
186 211 100
127 109 100
88 204 100
130 199 100
299 274 100
60 224 100
244 78 100
98 153 1
95 177 1
144 13 100
170 292 200
204 114 1
54 156 100
179 236 1
222 63 100
227 29 1
290 30 100
90 117 1
291 210 1
25 69 100
141 12 1
14 190 100
47 261 200
275 257 100
64 205 100
90 257 100
295 178 100
46 60 1
287 121 100
192 244 100
127 286 100
44 182 100
51 158 1
296 52 100
76 285 1
138 286 100
86 14 1
105 166 100
160 203 1
97 187 1
180 202 1
281 250 100
37 267 200
158 285 100
25 273 1
118 210 100
88 295 1
177 71 1
207 257 1
183 43 1
283 228 100
190 25 1
123 157 1
268 53 1
283 154 100
8 129 200
289 147 1
170 31 200
21 283 1
162 272 1
281 131 100
138 159 1
209 217 1
21 174 1
251 18 1
182 75 1
66 298 100
246 225 100
107 126 1
32 39 100
82 64 1
125 205 100
132 264 100
265 45 100
225 203 1
165 176 1
28 192 1
106 152 1
219 90 100
256 74 1
143 275 100
83 155 1
121 290 100
264 153 1
124 125 1
291 289 100
55 272 100
292 1 1200
145 181 1
112 214 100
59 65 1
193 249 1
50 210 1
69 279 1
117 141 100
162 29 1
275 70 100
219 150 1
261 181 1
116 19 100
21 217 100
16 172 1
44 81 100
121 238 100
205 243 1
42 75 1
30 18 100
127 199 100
104 33 1
155 98 100
109 213 1
201 183 1
245 43 100
220 152 100
96 110 1
78 273 1
295 290 1
69 143 100
47 165 200
287 116 1
291 42 100
218 126 1
40 58 100
282 255 100
298 23 100
257 156 1
199 286 1
158 20 100
138 48 1
279 103 1
78 69 100
131 160 100
257 207 1
276 170 100
195 130 100
231 29 100
187 274 1
34 151 1
73 156 100
65 100 100
141 259 1
279 202 1
54 300 1
225 13 1
238 290 1
282 273 100
209 234 1
175 186 1
270 163 100
126 22 100
198 14 100
176 267 1
123 294 100
182 278 100
111 171 1
203 225 1
54 275 1
195 58 100
5 66 200
276 112 1
235 290 1
69 180 1
101 288 100
109 139 100
50 17 1
225 222 1
290 80 1
137 194 1
10 229 200
84 299 100
225 132 1
256 198 1
295 204 100
116 129 1
113 206 100
13 236 100
54 259 100
296 174 100
280 115 1
37 47 1
163 101 100
161 269 1
65 66 1
50 289 100
154 183 1
247 136 100
41 250 100
202 69 1
74 120 1
177 211 100
45 47 100
96 253 200
93 21 1
73 275 1
268 37 100
301 234 1
7 240 200
36 199 1
136 277 1
258 171 1
4 6 1
148 170 1
63 206 100
57 298 1
152 37 1
260 29 1
227 245 100
221 84 1
31 253 1
78 242 1
87 138 1
243 126 1
277 72 1
296 29 1
169 131 1
82 286 1
17 197 1
247 86 100
203 153 100
41 131 100
216 229 1
300 73 1
195 87 100
149 157 1
63 122 100
301 192 100
27 108 100
230 164 100
55 146 100
183 154 1
277 190 100
264 53 100
262 249 100
198 120 1
137 291 100
84 183 100
268 220 1
6 3 1
148 96 1
118 284 1
286 79 1
171 105 100
169 246 1
66 269 100
138 213 100
159 64 100
263 12 100
89 114 1
277 86 1
14 255 100
205 126 1
182 61 1
163 291 1
293 18 1
87 286 100
228 192 100
236 268 100
68 291 100
209 187 100
190 51 100
270 194 1
211 225 100
10 6 1
221 228 100
286 218 100
164 143 100
231 168 1
161 57 1
74 136 100
127 138 1
82 125 1
186 250 100
72 282 1
136 25 100
195 127 100
26 49 100
212 162 100
5 6 1
265 112 100
44 50 1
48 87 1
39 93 1
180 151 100
255 103 100
116 59 1
85 238 100
245 252 1
197 42 100
204 27 1
224 190 1
65 121 100
288 213 100
5 9 1
75 182 1
282 86 1
179 220 100
223 237 1
295 27 100
23 140 1
40 182 1
260 146 1
17 44 1
54 241 100
132 26 100
224 202 100
266 80 1
134 101 100
222 225 1
24 90 100
178 27 1
208 94 100
114 149 100
222 99 1
33 146 100
37 214 1
70 41 100
53 170 100
103 202 1
290 258 100
166 44 100
202 24 100
218 297 1
277 255 100
46 190 100
18 137 100
139 67 1
92 25 100
232 212 100
160 83 1
111 293 100
196 150 100
99 98 100
118 291 100
155 132 1
164 200 1
130 15 1
193 57 1
94 134 100
156 95 100
244 14 1
188 160 100
189 17 1
152 110 1
171 178 1
139 107 1
102 117 1
133 117 1
216 287 1
263 90 1
90 275 1
228 209 1
42 61 1
84 234 100
37 176 200
41 237 1
258 149 100
149 284 100
169 211 1
203 265 100
112 152 100
206 148 100
67 168 100
20 219 1
271 99 100
81 288 100
51 279 1
135 149 100
254 260 100
170 253 200
56 152 1
142 149 1
44 42 100
43 247 100
82 36 1
155 203 1
220 214 100
55 33 1
92 78 100
102 133 1
224 200 100
110 145 200
218 22 100
66 59 1
179 35 1
35 53 100
290 88 1
209 120 100
184 194 1
229 129 1
221 283 1
269 121 1
255 196 100
206 110 100
165 31 1
214 106 1
148 165 200
158 164 1
204 89 1
81 61 1
172 260 100
70 241 1
282 60 1
244 38 100
83 203 1
94 50 100
260 93 100
299 228 1
105 294 100
21 209 100
126 104 100
77 12 1
139 254 100
194 94 1
232 33 100
252 21 1
225 265 100
169 188 1
162 227 1
150 54 100
44 291 1
233 227 1
48 15 1
70 95 100
248 238 1
252 174 1
99 155 1
300 77 100
182 15 100
2 66 200
66 193 100
161 23 100
251 94 100
96 152 1
179 98 1
234 154 1
192 120 1
40 195 1
49 47 100
297 33 100
230 91 1
143 150 1
296 260 1
98 268 100
65 216 1
293 118 100
246 203 100
91 279 100
195 289 1
136 92 1
11 9 1
38 242 1
283 299 100
273 38 1
157 68 100
256 28 1
287 57 100
167 134 1
213 205 100
269 100 1
121 266 100
188 132 100
89 135 1
215 162 1
250 226 100
197 134 1
12 241 1
166 118 1
156 141 1
138 127 1
48 109 100
240 19 100
135 111 1
235 248 1
112 268 1
149 18 1
173 115 100
221 234 100
99 63 100
159 213 100
172 146 100
233 162 1
44 210 1
295 88 1
100 235 100
144 280 1
45 148 100
185 104 100
262 269 100
51 164 1
3 2 1
109 243 100
132 226 1
219 119 100
197 61 100
246 271 1
240 161 100
69 219 100
106 191 200
25 279 100
241 207 1
43 274 100
19 290 100
62 220 1
205 297 1
88 248 1
255 200 100
51 143 100
273 78 1
33 22 1
15 213 100
131 155 100
55 231 1
120 256 1
295 80 1
198 136 100
155 226 1
86 242 100
94 270 1
116 57 100
59 85 100
128 156 1
37 181 200
9 2 1
99 225 1
110 267 200
106 96 1
78 158 100
118 270 1
166 184 1
227 93 100
219 102 100
21 299 100
95 281 1
59 298 100
299 192 100
299 43 1
78 255 1
152 145 200
38 180 100
269 85 1
219 285 1
101 289 1
229 193 100
94 137 1
113 63 1
294 44 100
102 90 1
258 204 1
160 132 1
117 207 100
227 52 100
3 5 1
223 246 100
124 64 1
241 141 1
268 276 1
139 232 1
63 53 100
104 227 100
243 55 100
271 188 1
194 167 100
73 128 100
109 126 100
148 292 200
126 254 100
119 102 1
107 33 100
97 28 1
238 27 100
133 73 1
51 151 100
280 83 100
234 74 100
26 276 100
275 102 1
219 151 1
136 91 100
106 181 200
278 159 1
120 244 100
237 95 1
176 145 1
165 253 1
188 83 100
12 223 100
192 46 100
248 178 100
214 170 1
133 257 100
139 22 100
108 18 1
213 243 100
215 221 100
265 49 100
154 28 100
244 242 100
288 138 1
237 173 1
67 107 1
168 29 100
152 214 1
63 26 1
50 101 100
125 109 1
255 242 1
93 84 1
60 273 100
37 148 1
167 195 100
190 196 100
32 21 100
143 102 100
110 148 1
17 210 1
157 251 1
26 113 1
71 115 100
88 171 100
202 158 1
199 125 1
77 281 100
212 233 100
212 296 100
54 128 100
250 222 100
272 233 1
274 244 100
232 231 100
211 203 100
178 171 1
287 85 100
3 229 200
167 291 1
274 277 100
211 250 1
230 180 100
23 88 1
81 75 1
243 104 100
27 114 1
83 264 100
267 292 1
18 294 100
99 113 100
135 251 100
201 274 100
297 232 1
15 138 1
45 112 1
125 213 1
199 139 100
66 249 100
2 9 1
256 97 1
298 140 100
95 271 100
268 45 1
198 282 100
210 61 100
24 219 1
275 119 1
33 215 100
216 116 1
224 279 100
102 128 100
136 255 100
243 22 100
209 74 100
60 46 1
132 222 1
168 212 1
215 260 1
30 135 1
197 50 1
217 154 1
150 34 1
173 41 1
251 294 100
71 144 100
273 103 100
219 54 100
133 54 1
55 16 1
135 171 1
112 96 100
158 239 100
162 52 100
172 254 1
126 67 1
6 287 200
106 145 200
129 240 1
219 76 1
117 263 1
8 116 200
148 152 1
116 193 100
122 206 1
136 273 100
125 218 100
47 110 1
289 288 100
239 300 100
122 268 1
60 136 1
84 245 1
257 186 100
250 144 1
235 111 100
176 292 1
267 191 1
115 160 100
284 94 1
222 35 100
91 190 1
205 218 1
19 298 1
28 14 100
268 56 100
76 20 1
226 155 1
294 50 100
241 95 100
103 51 1
141 70 1
87 278 1
105 108 1
59 100 100
296 162 1
106 292 200
188 250 1
217 187 100
263 141 100
40 42 1
6 2 1
57 121 1
39 221 1
112 206 1
242 91 1
188 211 1
3 10 1
190 180 100
34 20 1
199 297 100
271 226 100
116 249 100
15 278 1
11 262 200
70 223 100
280 131 1
136 46 1
193 23 100
11 216 200
294 291 100
26 98 1
142 157 1
100 238 100
177 186 1
140 258 100
42 58 100
71 173 1
259 281 100
142 68 100
82 79 1
173 186 1
112 110 100
98 236 1
112 53 1
279 150 100
132 99 1
260 52 100
282 230 100
147 40 1
222 160 1
280 144 1
131 115 1
248 88 1
298 19 1
266 235 1
143 119 100
28 256 1
248 23 1
205 139 1
280 132 100
209 97 100
228 274 100
38 25 1
248 27 100
148 191 200
142 137 100
234 97 100
109 36 1
41 169 100
235 89 100
162 245 100
83 153 100
137 210 100
33 231 1
107 16 100
109 107 100
53 56 100
141 186 100
258 18 100
103 196 1
26 122 100
249 193 1
196 69 1
32 272 1
33 104 1
46 255 100
72 136 1
179 153 1
155 83 1
278 48 1
28 247 1
73 77 100
249 100 1
99 13 1
86 244 1
53 220 1
300 119 1
70 281 100
201 234 1
6 5 1
160 236 100
109 124 1
24 239 1
252 201 100
206 53 1
64 218 100
38 78 1
85 100 1
174 84 1
26 179 1
256 244 100
245 201 100
269 298 1
38 196 100
180 239 100
7 262 200
186 175 1
100 249 1
97 72 100
122 106 100
272 260 1
198 277 100
214 176 200
134 189 1
61 75 1
148 110 1
118 166 1
195 48 100
25 224 1
239 73 100
161 298 1
73 102 1
194 189 100
27 105 100
47 176 200
249 290 100
158 279 1
38 202 100
22 32 100
218 67 1
218 139 1
2 59 200
177 188 100
90 207 100
40 289 1
249 23 100
249 298 1
193 235 100
67 231 100
68 284 1
28 282 100
263 275 1
130 124 100
299 301 1
205 67 1
101 127 100
22 227 100
188 246 1
35 265 1
282 46 1
125 124 1
13 83 1
300 207 100
189 42 100
57 238 100
247 198 1
115 188 1
241 259 1
262 19 100
5 4 1
2 8 1
208 184 100
140 30 100
187 277 100
110 253 200
135 114 1
10 9 1
71 188 100
172 162 100
49 206 1
74 187 1
211 246 1
190 273 1
281 173 1
105 157 1
119 259 100
90 259 100
93 217 100
173 95 1
97 14 100
27 157 100
168 254 1
177 169 100
184 118 1
101 48 100
279 200 1
131 246 1
222 179 100
196 76 100
102 259 100
91 78 1
264 113 1
92 72 1
178 30 1
4 8 1
91 51 100
25 230 1
46 91 100
262 161 100
265 26 1
246 169 1
248 111 100
279 180 1
299 187 100
205 212 100
192 97 1
145 1 1200
118 294 1
222 113 100
71 281 1
13 132 1
213 199 1
2 10 1
153 264 1
180 285 100
180 34 100
98 62 100
49 96 100
179 276 100
8 7 1
60 14 1
46 78 100
269 290 100
70 77 1
129 269 100
29 252 100
45 122 1
17 42 100
209 183 1
160 225 1
34 117 100
289 75 1
245 228 100
110 261 200
69 76 100
73 12 100
14 224 100
213 64 1
256 136 100
84 93 1
174 183 100
215 21 100
265 179 1
30 171 1
20 150 1
68 184 1
129 66 1
149 270 100
168 227 100
85 88 100
123 137 100
273 69 100
36 185 100
289 61 1
145 267 1
76 24 1
178 108 100
79 199 1
128 207 1
26 45 100
22 162 100
120 74 1
5 59 200
113 236 1
56 261 200
159 79 100
187 14 100
129 216 1
194 166 1
270 184 1
185 254 100
180 150 100
217 299 1
97 198 1
140 135 100
275 90 1
284 210 100
156 12 1
86 136 1
246 280 1
134 44 1
113 265 1
28 46 100
42 40 1
177 173 1
195 42 1
221 217 100
252 183 100
259 186 100
38 51 100
238 30 100
198 92 100
19 249 1
156 259 1
210 163 1
189 75 100
247 97 1
256 60 100
23 266 1
93 43 100
294 284 1
72 46 1
285 150 1
25 190 1
9 59 200
202 76 100
270 50 100
298 121 1
7 5 1
118 50 100
112 45 1
120 86 100
4 216 200
266 135 100
274 74 1
133 259 100
111 258 1
288 15 1
129 249 100
6 10 1
292 191 1
175 177 1
134 40 100
69 285 100
87 82 100
226 225 1
35 236 1
57 295 100
187 136 100
143 24 1
254 16 1
89 293 100
141 257 1
289 130 100
8 216 200
269 23 100
50 75 100
158 24 100
198 247 1
149 294 100
74 72 100
223 250 100
113 122 100
20 90 100
92 38 100
43 301 1
11 4 1
245 21 1
184 189 100
189 167 1
235 295 1
56 31 200
273 164 100
203 26 100
293 94 100
65 249 100
20 151 1
167 147 100
260 245 100
266 27 100
21 84 1
61 40 1
175 71 1
250 99 100
146 215 1
167 40 100
271 83 100
24 119 100
298 57 1
202 20 100
270 137 1
199 109 1
81 42 1
166 50 100
206 268 1
78 224 1
184 197 100
12 71 100
189 81 100
33 29 100
207 177 100
10 8 1
95 280 100
140 204 100
5 262 200
124 67 100
62 56 100
40 130 100
297 16 100
238 80 1
186 177 1
193 88 100
101 42 1
101 182 1
52 174 1
149 94 100
158 143 100
101 130 100
135 123 100
183 201 1
257 41 100
206 45 1
192 74 1
41 246 100
202 279 1
183 28 100
271 222 100
122 62 1
23 30 100
91 38 1
115 280 1
103 151 100
227 272 1
98 276 100
201 256 100
7 4 1
221 93 1
31 176 1
195 182 1
79 297 100
138 58 1
246 250 1
37 56 1
104 260 100
9 216 200
19 295 100
257 128 1
229 19 100
153 113 1
189 134 1
95 237 1
285 275 100
288 124 100
171 89 1
99 236 100
76 117 100
280 169 1
32 252 100
281 223 1
288 159 1
93 301 100
216 298 100
4 287 200
155 225 1
151 20 1
178 135 1
248 114 100
190 200 100
180 158 1
144 115 1
233 32 1
207 173 100
100 295 100
191 253 1
130 79 100
61 159 100
12 41 100
104 296 100
15 36 100
153 236 1
9 3 1
253 1 1200
156 70 1
125 185 100
206 106 100
173 246 100
9 287 200
123 149 1
207 156 1
78 202 100
196 164 1
270 294 1
237 175 1
183 228 1
35 122 100
108 105 1
165 267 1
154 274 100
143 117 100
36 297 100
247 92 100
147 182 1
238 248 1
201 120 100
142 208 1
60 72 1
140 238 1
96 145 200
167 75 100
136 14 1
237 131 100
258 89 1
54 263 1
97 274 1
227 32 1
91 224 1
131 226 100
5 216 200
256 72 100
99 153 100
52 21 1
2 5 1
284 163 100
45 49 1
2 4 1
199 82 1
71 41 1
109 82 1
29 233 1
297 55 100
129 287 1
273 91 1
77 237 100
264 49 100
7 65 200
18 157 1
229 57 100
235 114 100
147 48 100
249 161 1
71 186 1
244 277 1
264 63 1
52 252 1
116 121 100
169 155 100
106 148 1
10 59 200
36 213 1
153 268 100
56 181 200
156 71 100
9 6 1
242 51 100
271 115 1
114 293 100
87 15 1
122 110 100
269 140 100
63 112 100
161 100 1
89 123 100
254 33 1
301 217 1
119 54 1
84 39 1
206 170 100
234 43 1
94 184 1
56 37 1
12 257 1
157 149 1
194 197 100
159 199 100
223 175 1
270 17 100
261 145 1
151 24 1
276 56 100
259 141 1
280 13 100
36 286 1
200 34 100
224 91 1
202 164 1
92 14 1
143 263 100
278 213 100
238 135 100
58 199 100
108 118 100
221 183 100
77 70 1
36 232 100
246 83 100
126 55 100
50 195 100
149 166 100
254 29 100
225 226 1
287 65 1
72 25 100
131 188 1
114 135 1
209 247 100
227 39 100
289 138 100
42 147 1
197 163 1
49 112 1
292 261 1
146 162 1
276 206 1
166 163 100
266 114 100
269 248 100
52 221 1
184 94 1
202 151 100
96 214 1
129 57 100
196 143 100
208 270 100
36 64 1
262 229 1
176 1 1200
136 230 100
204 18 100
160 113 100
269 193 1
199 36 1
58 48 1
75 81 1
146 272 1
42 288 100
84 52 1
127 87 1
32 146 1
55 254 1
80 114 100
67 33 100
209 299 1
29 39 100
259 128 1
240 249 100
248 140 1
182 87 100
184 166 1
64 139 100
251 123 1
79 139 100
56 191 200
63 62 100
88 266 1
53 112 1
76 73 100
129 121 100
233 260 1
301 74 100
151 143 1
35 206 100
242 224 1
218 104 100
37 170 1
119 90 1
164 51 1
154 209 1
150 133 100
149 118 100
235 171 100
237 223 1
145 165 1
29 221 100
180 164 1
49 53 1
150 76 1
4 229 200
281 237 1
249 269 1
19 85 1
200 51 1
249 80 100
9 5 1
283 234 100
223 41 1
216 65 1
80 135 100
99 132 1
46 242 100
296 227 1
173 223 1
187 72 100
51 34 100
152 31 200
231 233 100
33 32 100
242 158 100
185 218 1
187 198 1
96 106 1
65 262 1
139 33 100
293 251 1
250 132 100
193 121 1
95 211 100
259 41 100
164 103 1
243 185 1
243 297 1
61 147 1
140 171 100
147 101 1
3 240 200
277 60 1
244 224 100
24 76 1
71 131 100
244 72 1
86 282 1
126 185 1
200 219 100
82 232 100
133 263 1
122 37 100
136 86 1
82 297 100
82 107 100
77 207 1
272 215 1
263 119 1
125 232 100
87 109 100
69 164 1
64 126 100
225 26 100
122 45 1
277 78 100
239 133 100
94 167 100
191 31 1
231 22 1
258 105 100
61 195 1
291 189 1
195 288 100
127 124 100
104 215 100
146 21 100
3 116 200
6 7 1
137 68 1
11 6 1
18 208 1
207 141 1
266 89 100
102 241 100
153 122 100
146 233 1
32 93 100
216 129 1
93 183 100
250 115 1
296 221 100
110 56 1
290 178 100
125 79 1
204 111 1
48 79 100
64 199 1
203 222 1
144 188 1
247 28 1
99 83 1
73 207 100
221 39 1
68 194 1
69 103 1
111 135 1
11 59 200
154 217 1
67 205 1
20 34 1
92 190 100
290 114 100
278 286 100
251 166 100
162 221 100
281 71 1
18 142 1
247 244 100
248 89 100
95 246 100
197 147 100
21 301 100
150 73 100
226 13 1
264 220 100
38 224 1
130 138 1
78 51 100
280 222 100
22 168 1
231 104 1
229 85 100
289 81 1
208 105 1
153 206 100
274 120 1
168 231 1
103 150 100
221 154 100
213 109 1
138 79 100
154 198 100
276 122 1
236 45 100
278 64 100
182 138 100
261 1 1200
282 92 1
295 89 100
21 245 1
48 82 100
106 47 1
228 28 100
59 161 100
44 61 100
237 250 100
85 57 1
259 175 100
124 185 100
62 122 1
174 221 1
108 94 100
272 174 100
141 241 1
247 256 1
66 216 1
241 128 1
290 238 1
215 245 100
131 222 100
223 211 100
170 37 1
31 1 1200
103 219 100
200 180 1
230 279 100
120 97 1
20 102 100
255 164 100
255 78 1
166 194 1
212 272 100
239 90 100
231 55 1
137 134 100
152 106 1
138 125 100
135 142 100
117 275 1
155 13 1
184 284 1
107 55 100
137 44 100
278 125 100
40 127 100
241 41 100
214 148 1
79 126 100
43 217 1
228 120 100
100 88 100
112 122 1
86 224 100
242 255 1
92 86 1
24 151 1
230 78 1
130 127 1
41 281 1
254 272 100
105 184 100
254 212 1
47 214 1
89 258 1
8 11 1
68 270 1
259 237 100
228 198 100
76 300 100
45 206 1
140 178 100
140 248 1
216 100 100
104 22 1
147 159 100
178 293 100
119 73 1
274 192 1
51 69 1
81 159 100
186 246 100
81 278 100
166 134 100
204 105 100
226 160 1
185 33 100
85 193 1
225 236 100
157 194 100
230 242 1
56 253 200
175 173 1
260 215 1
74 282 100
124 126 100
275 54 1
208 194 100
207 12 1
190 103 100
185 231 100
192 277 100
70 173 100
123 293 1
186 280 100
100 140 100
64 124 1
27 178 1
208 18 1
133 241 100
290 140 1
41 177 1
207 223 100
122 276 1
29 174 100
16 168 1
80 88 1
34 54 100
217 97 100
95 188 100
161 248 100
135 204 1
113 112 100
30 27 1
184 44 100
178 149 100
76 119 100
256 86 100
163 182 100
130 109 100
187 28 1
235 204 100
154 192 100
209 228 1
164 180 1
74 277 100
124 297 100
129 262 1
176 191 1
44 189 1
226 26 100
12 186 100
107 212 100
138 64 100
12 77 1
215 227 1
293 123 1
102 12 100
139 172 100
181 191 1
45 276 1
287 240 1
68 189 100
161 193 1
75 58 100
238 295 1
250 169 1
252 221 1
107 232 1
14 277 1
201 299 1
230 158 100
86 38 100
286 109 1
44 197 1
73 141 100
277 46 1
273 279 100
62 112 1
119 257 100
162 260 1
174 209 100
90 241 100
94 68 1
37 145 200
167 44 1
213 218 100
175 131 100
62 96 100
59 129 1
218 168 100
52 93 1
151 76 1
12 70 1
137 284 1
169 99 100
284 294 1
140 295 1
108 149 1
90 263 1
126 168 100
133 128 100
109 125 1
159 130 1
57 235 100
98 265 1
117 102 1
41 173 1
123 184 100
59 287 1
169 203 100
284 166 1
138 278 1
39 201 100
136 282 1
287 100 100
142 293 1
215 174 100
198 192 1
30 293 100
134 195 100
78 230 1
101 61 1
51 20 100
120 187 1
85 249 1
297 107 1
148 31 200
66 116 1
223 280 100
253 292 1
286 64 1
236 53 100
43 192 100
60 25 100
118 167 100
272 162 1
46 136 1
300 102 1
267 1 1200
131 211 1
239 102 100
89 111 1
148 181 200
91 200 100
284 197 100
285 239 1
172 32 100
29 162 1
173 281 1
23 171 100
294 17 100
92 91 100
266 248 1
83 222 1
208 118 100
51 200 1
163 195 100
103 34 100
216 193 100
20 133 100
118 189 100
53 106 100
137 163 100
107 231 100
274 256 1
139 185 1
126 139 1
64 36 1
175 271 100
200 24 100
10 7 1
190 242 1
258 30 1
58 79 100
98 26 1
100 269 1
191 261 1
13 98 100
206 276 1
42 159 100
114 108 100
175 223 1
245 154 100
108 251 1
280 250 1
88 290 1
275 300 1
217 198 100
87 288 1
207 71 100
197 17 1
282 244 1
95 186 1
53 214 100
114 142 100
142 194 100
67 16 100
111 204 1
210 134 1
299 201 1
44 167 1
104 254 1
242 164 100
144 246 1
282 277 1
120 198 1
252 301 100
93 221 1
155 264 100
34 285 1
261 191 1
228 217 1
291 163 1
78 25 1
204 108 100
228 154 1
159 109 100
214 47 1
142 108 1
71 211 100
171 123 100
204 142 100
236 265 1
273 190 1
121 85 1
260 39 100
152 253 200
194 284 1
210 182 100
181 165 1
112 106 100
123 208 1
215 32 1
127 36 100
52 301 100
196 285 100
234 201 1
64 243 100
194 294 1
17 182 100
198 256 1
104 168 1
233 221 100
177 144 100
235 23 1
224 69 100
237 115 100
280 271 1
141 71 100
91 103 100
92 242 100
34 300 100
253 145 1
89 208 100
194 44 100
57 269 1
171 251 100
95 250 100
12 95 100
301 247 100
21 183 100
70 186 100
134 197 1
157 137 100
187 282 100
115 246 1
277 92 1
103 180 1
159 288 1
222 13 1
17 291 1
257 223 100
233 84 100
214 181 200
185 139 1
257 77 1
240 66 1
57 161 1
27 30 1
179 112 100
81 15 100
228 187 100
114 30 1
94 189 100
49 152 100
240 116 1
237 177 1
185 232 1
32 29 1
83 226 1
242 230 1
147 195 1
26 220 100
194 210 100
124 36 1
135 18 100
27 89 1
96 165 200
255 180 100
23 178 100
183 97 100
63 268 100
115 271 1
80 23 1
205 172 100
134 291 1
55 104 1
86 190 100
228 201 1
170 181 200
74 28 1
261 292 1
280 203 100
3 4 1
221 299 100
115 155 100
84 154 100
104 55 1
214 267 200
240 298 100
190 78 1
258 293 100
245 299 100
79 218 100
189 61 100
119 133 1
36 125 1
260 272 1
159 125 100
241 156 1
173 280 100
231 272 100
236 62 100
6 262 200
26 153 1
90 77 100
79 124 1
244 25 100
121 249 1
131 280 1
94 294 1
20 24 1
102 70 100
13 264 100
252 234 100
109 297 100
121 269 1
218 172 100
80 266 1
102 73 1
135 27 1
181 176 1
105 137 100
78 196 100
164 239 100
15 159 1
197 40 100
276 96 100
143 34 1
153 98 1
231 172 1
203 155 1
161 290 100
63 264 1
233 174 100
26 112 100
260 32 1
297 168 100
37 261 200
235 140 1
220 206 1
232 297 1
37 292 200
108 184 100
250 188 1
251 137 100
53 45 1
16 146 100
162 283 100
264 62 100
101 87 100
246 13 100
10 3 1
212 172 1
300 275 1
103 76 100
89 30 1
160 264 100
172 16 1
91 196 100
270 134 100
156 173 100
275 241 100
4 66 200
210 75 100
252 209 100
298 193 1
24 150 1
9 65 200
184 17 100
7 129 200
49 110 100
229 121 100
85 23 100
68 210 100
140 266 1
169 222 100
258 135 1
47 253 200
263 54 1
166 17 100
85 19 1
301 209 1
294 68 1
178 18 100
105 208 1
240 229 1
206 49 1
84 228 100
212 227 100
54 119 1
187 247 1
117 70 100
161 140 100
266 171 100
263 102 1
208 123 1
142 251 1
219 133 100
144 160 100
274 46 100
117 133 1
253 176 1
116 66 1
196 279 1
57 248 100
80 238 1
247 60 100
213 126 100
297 218 1
180 69 1
77 156 1
215 84 100
225 83 1
223 188 100
29 296 1
47 37 1
287 298 100
10 287 200
157 208 1
170 56 1
113 220 100
65 59 1
120 46 100
171 27 1
264 45 100
241 237 100
265 35 1
12 128 1
275 12 100
62 47 100
52 154 100
234 28 100
46 244 1
289 87 100
215 296 1
157 184 100
288 82 100
297 67 1
60 242 100
53 148 100
27 208 100
284 270 1
265 63 1
168 33 1
48 199 100
124 107 100
154 120 100
274 92 100
210 42 100
229 66 1
189 40 100
217 247 100
191 1 1200
73 117 1
116 240 1
133 90 1
122 214 100
175 115 100
232 104 100
92 244 1
222 153 100
146 93 100
279 196 1
3 262 200
42 195 1
260 252 100
62 170 100
23 135 100
19 193 1
270 167 100
13 203 1
262 216 1
277 244 1
83 113 100
217 183 1
179 113 1
198 46 100
91 180 100
8 6 1
80 140 1
32 233 1
9 8 1
241 186 100
58 288 1
32 245 100
299 154 1
288 286 100
15 48 1
269 80 100
243 168 100
73 133 1
91 242 1
143 219 1
146 52 100
18 68 100
236 179 1
259 156 1
128 175 100
98 53 100
281 271 100
33 16 1
74 60 100
214 56 1
17 81 100
59 116 1
37 106 1
90 128 100
208 284 100
105 270 100
210 81 100
279 24 100
86 78 100
135 89 1
240 287 1
297 254 100
54 73 1
266 295 1
110 176 200
258 208 100
172 227 100
66 65 1
161 295 100
285 102 100
285 24 1
151 73 100
62 276 1
155 265 100
261 267 1
233 283 100
118 137 1
278 79 100
4 3 1
115 99 100
286 205 100
234 228 1
172 296 100
22 215 100
77 173 100
285 73 100
236 26 1
25 51 100
188 271 1
263 257 100
7 116 200
111 108 100
224 273 1
270 166 1
239 143 1
39 174 1
155 63 100
115 211 1
35 179 1
234 301 1
79 82 1
163 75 100
214 292 200
24 34 1
283 245 1
283 39 1
132 83 1
4 116 200
243 172 100
271 160 100
167 101 100
178 251 100
199 124 1
97 136 100
113 98 1
8 2 1
278 87 1
10 66 200
97 244 100
132 236 100
76 219 1
243 212 100
293 284 100
239 285 1
253 261 1
255 25 1
147 58 100
196 34 100
128 41 100
28 120 1
104 162 100
39 301 100
75 40 1
166 167 100
197 44 1
193 19 1
223 281 1
14 230 100
116 262 1
25 91 1
92 60 1
16 233 100
48 124 100
14 273 100
77 141 1
106 165 200
245 52 1
230 103 100
252 217 100
75 159 100
276 220 1
98 179 1
293 105 1
160 98 100
198 274 1
262 298 100
171 142 100
294 134 100
244 60 1
21 52 1
52 228 100
189 50 1
279 239 100
246 144 1
81 40 1
235 80 1
117 119 1
71 223 1
152 261 200
208 251 1
106 267 200
147 289 1
100 57 1
3 11 1
277 91 100
74 198 1
242 25 1
54 117 1
151 219 1
90 300 1
129 19 100
200 196 1
244 282 1
56 214 1
272 84 100
150 117 100
170 191 200
111 30 1
135 105 100
156 257 1
28 97 1
189 163 1
292 31 1
136 224 100
220 62 1
128 71 100
43 120 100
105 123 1
247 74 1
109 286 1
264 265 1
220 112 1
219 300 100
153 112 100
18 123 1
43 209 1
76 143 1
36 79 1
240 59 1
159 87 1
49 37 100
194 270 1
247 72 100
123 194 100
291 50 1
132 179 100
102 54 1
113 264 1
267 31 1
164 279 1
199 126 100
211 131 1
173 211 100
214 145 200
154 201 1
160 63 100
47 31 200
171 114 1
76 275 100
39 209 100
242 69 100
187 46 100
161 80 100
4 2 1
45 152 100
14 244 1
203 179 100
226 113 100
72 273 100
68 94 1
87 159 1
9 7 1
83 179 100
301 183 1
47 152 1
172 33 1
127 82 100
187 192 1
138 36 100
113 35 1
196 158 1
229 65 1
131 99 100
295 140 1
121 248 100
104 172 1
235 27 100
48 138 1
186 41 1
152 148 1
200 150 100
134 289 100
181 31 1
44 289 100
220 37 100
192 256 1
182 81 1
171 111 1
187 120 1
238 171 100
111 208 100
179 63 1
211 83 100
120 72 100
233 296 1
41 280 100
150 300 100
71 95 1
298 88 100
204 123 100
148 56 1
137 17 100
51 202 1
107 218 1
21 234 100
87 58 1
43 201 1
108 68 100
132 265 100
236 49 100
111 149 100
299 28 100
22 33 1
239 54 100
84 283 1
155 236 100
140 235 1
285 119 100
40 101 1
210 167 1
123 108 1
34 73 100
158 196 1
33 212 1
90 73 1
75 278 100
105 68 100
137 118 1
267 181 1
195 101 1
80 258 100
252 245 1
281 280 100
77 177 100
176 181 1
274 86 100
247 187 1
180 51 1
289 182 1
226 222 1
147 278 100
186 71 1
182 40 1
119 300 1
198 28 1
170 47 1
93 209 100
264 276 100
30 105 100
288 125 100
278 130 1
80 111 100
241 281 100
250 131 1
49 122 1
147 138 100
80 235 1
148 267 200
257 237 100
231 215 100
89 142 100
39 84 1
172 168 1
149 251 1
118 94 1
268 49 1
197 75 100
179 49 100
287 262 1
123 166 100
230 190 1
114 157 100
8 5 1
291 61 100
102 300 1
249 248 100
233 252 100
14 282 1
239 151 1
242 196 100
67 218 1
154 43 1
47 96 1
285 263 100
175 95 1
213 232 100
24 54 100
139 168 100
97 192 1
99 35 100
255 279 100
217 43 1
59 216 1
298 290 100
150 20 1
271 211 1
58 87 1
32 215 1
57 249 1
24 102 100
146 174 100
188 155 100
70 257 1
60 78 100
224 38 1
215 283 100
112 37 100
50 134 1
199 243 100
29 21 100
39 252 1
281 169 100
205 104 100
269 88 100
234 299 1
227 84 100
10 216 200
202 200 1
238 235 1
6 65 200
276 47 100
57 88 100
27 258 1
65 19 100
2 129 200
22 172 1
294 118 1
61 289 1
158 200 1
128 281 100
79 36 1
206 37 100
91 25 1
140 88 1
146 296 1
165 145 1
213 79 1
168 32 100
169 144 1
268 106 100
163 40 100
193 100 1
119 70 100
214 191 200
273 200 100
283 201 100
30 89 1
284 68 1
74 274 1
62 106 100
227 283 100
127 288 1
293 270 100
188 225 100
85 140 100
195 61 1
6 229 200
273 255 1
31 145 1
24 275 100
4 9 1
291 147 100
257 95 100
204 178 1
240 85 100
16 231 1
122 152 100
183 74 100
226 63 100
77 257 1
58 124 100
288 58 1
100 19 1
69 200 1
13 222 1
58 127 1
168 162 100
208 149 1
51 76 100
286 199 1
49 220 1
14 86 1
291 182 100
73 119 1
111 157 100
218 107 1
87 125 100
63 98 1
50 163 1
265 276 100
68 44 100
16 22 1
65 161 100
45 220 1
276 49 1
272 296 1
201 247 100
287 229 1
15 82 100
241 175 100
263 133 1
291 167 1
290 89 100
246 226 100
94 166 1
183 256 100
54 77 100
106 170 1
79 286 1
22 254 1
71 246 100
217 234 1
300 263 1
66 229 1
85 121 1
103 69 1
243 139 1
123 68 100
182 42 1
271 144 1
200 239 100
110 292 200
139 205 1
16 212 1
17 101 100
96 176 200
38 230 1
39 217 100
38 273 1
144 99 100
287 193 100
33 233 100
143 20 1
132 153 100
295 114 100
233 21 100
174 299 100
265 113 1
183 198 100
150 143 1
70 207 1
174 228 100
12 259 1
200 151 100
210 50 1
117 90 1
149 105 1
225 98 100
43 28 100
7 2 1
186 169 100
190 202 100
281 144 100
137 94 1
230 38 1
88 235 1
167 17 1
283 21 1
62 45 1
81 195 1
252 283 1
46 72 1
120 247 1
64 109 1
218 243 1
134 81 100
31 261 1
142 184 100
212 55 1
5 240 200
125 199 1
220 268 1
245 93 1
236 264 1
288 278 1
265 62 100
292 181 1
216 85 100
137 184 1
217 228 1
270 197 100
171 18 100
17 289 100
276 152 100
25 255 1
167 50 1
121 298 1
35 62 100
92 136 1
80 30 100
278 127 1
146 252 100
107 185 1
288 36 100
28 277 100
13 226 1
192 60 100
255 38 1
29 93 100
27 142 100
25 164 100
211 169 1
258 251 100
13 179 100
298 100 1
212 22 1
114 171 1
286 67 100
117 77 100
19 266 100
80 178 100
301 228 1
150 285 1
162 84 100
164 196 1
97 74 1
55 227 100
27 111 1
151 117 100
181 253 1
251 105 1
182 127 100
61 101 1
86 72 1
9 116 200
85 80 100
130 87 1
152 267 200
294 163 100
267 165 1
163 17 1
55 29 100
15 130 1
74 192 1
249 85 1
275 156 100
160 155 1
254 104 1
38 103 100
201 217 1
262 287 1
139 55 100
286 185 100
58 109 100
248 258 100
296 245 100
283 93 1
27 123 100
132 203 1
11 240 200
2 240 200
278 199 100
291 81 100
149 123 1
269 57 1
260 283 100
97 282 100
33 272 100
141 128 1
141 223 100
264 179 1
232 16 100
257 281 100
231 296 100
222 155 1
31 267 1
100 161 1
164 24 100
56 96 1
299 209 1
113 53 100
185 212 100
81 147 1
57 19 1
214 96 1
51 285 100
236 113 1
157 284 100
239 150 1
298 80 100
134 182 100
83 160 1
293 149 1
210 147 100
124 213 1
35 26 1
97 60 100
227 233 1
43 234 1
95 175 1
18 94 100
15 125 100
243 67 1
35 268 100
143 239 1
145 292 1
212 254 1
211 271 1
3 7 1
10 240 200
8 3 1
177 131 100
86 25 100
220 47 100
193 140 100
2 262 200
177 115 100
124 139 100
126 232 1
296 84 100
286 107 100
229 100 100
11 3 1
226 153 100
88 238 1
110 37 1
203 113 100
219 239 1
36 107 100
114 208 100
158 219 100
164 150 100
121 19 1
110 106 1
157 293 1
246 132 100
50 40 100
144 211 1
221 52 1
28 92 100
296 283 100
224 255 1
150 151 1
201 192 100
268 62 1
17 195 100
63 236 1
15 64 100
144 222 100
177 95 1
190 38 1
159 58 1
48 64 100
6 11 1
244 273 100
8 229 200
201 209 1
220 53 1
206 62 1
232 243 1
34 90 100
283 252 1
63 265 1
254 22 1
89 178 1
227 146 1
273 158 100
58 130 1
156 177 100
251 270 100
75 130 100
121 161 1
65 240 1
293 142 1
55 260 100
180 196 1
35 45 100
259 77 1
294 184 1
216 57 100
296 32 1
46 38 100
170 110 1
107 205 1
59 269 100
300 117 1
124 82 1
238 266 1
253 181 1
208 293 1
111 251 100
172 55 1
203 99 1
226 179 100
144 155 100
41 175 1
78 180 100
250 203 100
83 99 1
75 289 1
20 263 100
66 161 100
107 254 100
32 296 1
7 9 1
48 127 1
68 17 100
10 4 1
272 227 1
36 205 100
132 160 1
282 190 100
241 77 1
234 187 100
61 15 100
81 138 100
105 293 1
216 269 100
128 70 1
108 284 100
175 169 100
42 278 100
178 208 100
283 52 1
82 67 100
289 15 100
86 60 1
166 137 1
248 80 1
166 68 1
16 215 100
229 262 1
245 39 1
174 39 1
251 157 1
207 70 1
275 133 1
128 237 100
45 56 100
82 185 100
6 129 200
7 66 200
130 288 1
88 135 100
151 263 100
240 216 1
5 10 1
147 75 1
25 202 100
192 86 100
17 167 1
299 198 100
200 202 1
284 137 1
23 258 100
251 284 100
176 165 1
22 260 100
68 118 1
217 74 100
259 207 1
282 91 100
154 301 1
74 14 100
297 205 1
2 11 1
213 124 1
18 270 100
232 218 1
290 23 1
66 85 100
20 275 100
203 160 1
184 291 100
22 16 1
174 283 1
286 232 100
192 247 1
262 66 1
18 105 1
205 22 100
181 1 1200
6 116 200
179 122 100
267 253 1
283 43 100
231 162 100
129 59 1
180 76 100
257 259 1
67 254 100
190 224 1
4 7 1
183 299 1
289 42 1
119 241 100
280 226 100
288 48 1
41 271 100
72 277 1
128 77 1
290 266 1
301 256 100
29 272 1
192 187 1
178 204 1
168 55 1
272 93 100
52 43 100
211 13 100
115 225 100
243 107 1
242 273 1
75 48 100
284 189 100
15 58 1
18 166 100
254 233 100
72 242 100
195 81 1
123 142 1
70 259 1
186 281 1
169 160 100
265 153 1
85 266 100
226 99 1
115 250 1
212 168 1
11 8 1
120 60 100
90 54 1
126 107 1
128 177 100
76 263 100
67 55 100
153 63 1
177 41 1
84 43 100
167 163 1
39 21 1
61 278 100
274 97 1
60 282 1
19 248 100
72 255 100
173 144 100
8 287 200
18 108 1
8 65 200
56 110 1
93 252 1
30 123 100
254 146 100
24 133 100
126 172 100
72 224 100
230 255 1
79 205 100
40 87 100
148 47 1
107 243 1
263 207 100
124 286 1
155 35 100
59 193 100
159 48 1
194 118 1
227 260 1
168 16 1
105 142 1
211 155 100
77 175 100
169 115 1
162 32 1
114 258 1
134 210 1
185 205 1
279 34 100
193 238 100
98 206 100
87 124 100
230 200 100
157 18 1
122 53 1
88 30 100
133 300 1
144 225 100
159 127 1
67 232 1
131 225 100
199 218 100
110 170 1
94 163 100
63 35 1
75 101 1
13 265 100
75 127 100
58 213 100
101 15 100
34 263 100
112 62 1
101 147 1
225 264 100
58 64 100
52 201 100
263 70 100
125 64 1
30 204 1
201 301 1
30 114 1
212 215 100
262 59 1
23 235 1
55 32 100
301 97 100
16 104 1
152 176 200
23 111 100
174 245 1
232 22 100
223 95 1
133 70 100
271 169 1
204 157 100
236 153 1
64 79 1
161 85 1
154 247 100
146 39 100
22 55 1
299 74 100
41 71 1
281 175 1
61 58 100
286 125 1
276 268 1
114 178 1
54 207 100
263 156 100
232 126 1
185 16 100
121 295 100
72 14 1
44 101 100
297 185 1
282 38 100
19 161 1
125 243 100
5 8 1
127 15 1
29 227 1
251 142 1
98 45 100
160 35 100
47 191 200
213 82 1
237 169 100
163 210 1
278 58 1
295 23 1
242 202 100
298 85 1
60 230 100
276 110 100
229 240 1
116 65 1
210 197 1
59 229 1
56 165 200
72 230 100
245 174 1
223 115 100
175 144 100
128 12 1
55 212 1
23 295 1
110 214 1
254 231 1
126 297 1
297 172 100
293 166 100
111 178 1
49 56 100
177 223 1
203 63 100
268 170 100
34 24 1
163 134 1
49 268 1
156 241 1
32 52 100
254 32 100
197 167 1
19 235 100
93 283 1
142 118 100
47 106 1
162 146 1
207 237 100
160 13 1
19 80 100
130 82 100
79 109 1
2 65 200
264 26 1
170 152 1
26 63 1
205 231 100
215 146 1
65 129 1
166 294 1
69 158 1
3 65 200
261 176 1
298 238 100
162 39 100
245 301 100
141 177 100
150 90 100
301 299 1
52 209 100
66 287 1
207 241 1
93 174 1
33 172 1
62 148 100
295 111 100
58 15 1
163 189 1
256 274 1
72 92 1
117 156 100
300 156 100
284 167 100
7 10 1
233 215 1
34 143 1
153 49 100
270 68 1
200 69 1
260 233 1
108 194 100
17 189 1
13 26 100
300 259 100
133 77 100
281 177 1
209 256 100
191 145 1
196 151 100
103 158 1
96 148 1
109 67 100
244 136 1
289 127 100
22 296 100
277 38 100
200 103 1
29 215 1
239 76 1
108 293 1
101 81 1
20 239 1
158 180 1
191 165 1
193 266 100
172 231 1
285 20 1
115 13 100
300 141 100
205 16 100
237 71 1
48 288 1
279 51 1
16 272 100
181 261 1
218 212 100
293 194 100
156 175 100
268 148 100
220 96 100
19 269 1
143 133 100
292 253 1
62 49 1
28 86 100
169 226 100
30 251 100
193 161 1
104 233 100
96 37 1
259 177 100
271 203 100
175 188 100
96 31 200
199 67 100
170 165 200
262 240 1
120 92 100
265 220 100
285 219 1
127 278 1
138 130 1
144 250 1
108 208 1
170 96 1
151 275 100
125 107 100
68 134 100
279 219 100
266 290 1
228 43 1
60 277 1
285 117 100
25 158 100
43 183 1
204 258 1
201 97 100
228 301 1
152 170 1
212 104 1
262 121 100
34 76 1
171 157 100
122 148 100
23 238 1
83 265 100
296 146 1
237 144 100
158 103 1
77 71 100
185 126 1
79 243 100
11 10 1
153 35 1
116 100 100
14 92 1
95 41 1
103 239 100
287 129 1
96 261 200
246 131 1
249 235 100
209 154 1
42 101 1
43 256 100
220 122 1
40 48 100
220 110 100
229 116 1
142 294 100
100 266 100
271 131 1
256 14 100
202 143 100
257 241 1
81 87 100
272 221 100
38 69 100
226 35 100
188 169 1
113 268 100
45 170 100
194 291 100
251 108 1
50 291 1
192 92 100
84 252 1
106 56 1
219 34 1
173 188 100
157 118 100
129 161 100
36 67 100
268 214 100
222 132 1
56 47 1
259 12 1
130 36 100
7 11 1
64 232 100
189 197 1
174 217 100
20 119 100
266 23 1
46 92 1
248 290 1
232 139 1
141 95 100
202 103 1
236 276 100
182 288 100
210 189 1
118 197 100
256 187 1
131 144 1
157 108 1
249 295 100
167 61 100
134 17 1
