10 290 3550
1200 1200 1200 1200 1200 1200 1200 1200 1200 1200
600 600 600 600 600 600 1200 600 600 600 600 600 600 600 600 600 600 600 600 600 600 600 600 600 600 600 1200 600 600 600 600 600 600 600 600 600 600 1200 600 600 600 600 600 600 600 600 600 600 600 600 600 600 600 600 600 600 600 600 600 600 600 600 1200 600 600 600 600 1200 600 600 600 600 600 600 600 600 600 600 600 600 600 600 600 600 600 600 600 600 600 600 600 600 600 600 600 600 600 600 600 600 600 600 600 600 600 600 600 600 600 600 600 600 600 600 600 600 600 600 600 600 600 600 600 600 600 600 600 600 600 600 600 600 600 600 600 600 600 600 600 600 600 600 600 1200 600 600 600 600 600 600 600 600 600 600 600 600 600 600 600 600 600 600 600 600 600 600 600 600 600 600 600 600 600 600 600 600 600 600 600 600 1200 600 600 600 600 600 600 600 600 600 600 600 600 600 600 600 1200 600 600 600 600 600 600 600 600 600 600 600 600 600 600 600 600 600 600 600 600 600 600 600 600 600 600 600 600 600 600 600 600 1200 600 600 600 600 600 600 600 600 600 1200 600 600 600 600 600 600 600 600 600 600 600 600 600 600 600 600 600 600 600 600 600 600 600 600 600 600 600 600 600 600 600 600 600 600 600 600 600 600 600 600 600 600 600 600 600 600 600 600 600 600
46 286 1
87 141 1
280 257 100
170 60 1
132 191 1
186 182 100
123 113 100
16 25 1
159 281 1
94 103 1
244 225 100
106 118 1
6 10 1
123 15 100
182 163 1
153 172 100
236 200 1
90 236 100
271 146 1
24 62 1
31 300 100
55 118 100
198 111 1
152 188 1
100 32 100
173 130 100
247 58 100
111 22 1
282 148 1
253 237 100
48 295 100
203 14 100
97 134 100
194 272 1
239 191 100
200 273 1
268 72 1
247 55 100
176 203 100
186 73 1
293 99 100
275 196 1
120 200 100
160 268 1
242 280 1
259 64 100
301 13 1
229 274 100
197 123 1
234 44 100
107 290 1
168 187 100
203 139 1
29 69 1
73 37 1
278 275 100
268 222 1
137 59 100
127 254 1
66 31 1
177 235 1
206 134 1
87 220 100
142 211 1
129 97 1
200 270 100
53 76 100
229 77 1
140 285 100
240 173 1
277 145 100
91 167 100
297 87 1
265 256 1
262 265 100
114 50 100
133 186 100
139 119 100
65 82 100
236 65 1
105 128 100
282 224 1
274 149 100
50 34 100
248 197 1
291 271 1
228 126 100
96 31 1
97 195 100
16 235 1
117 86 100
118 221 100
224 212 1
91 72 1
154 265 100
154 256 100
48 41 1
298 157 1
34 141 1
122 164 100
71 218 100
230 158 1
146 116 100
149 245 100
188 163 1
249 108 100
267 69 100
188 91 100
222 160 1
117 210 100
133 66 100
109 75 1
289 132 100
3 8 1
223 204 1
116 133 1
139 265 100
152 259 100
39 75 100
22 185 1
151 273 1
221 80 100
76 55 100
181 230 1
58 34 1
43 41 1
297 261 1
29 183 100
112 283 1
89 296 100
100 116 100
76 161 1
185 254 100
102 257 100
39 33 1
203 52 1
158 56 100
141 108 100
142 237 1
270 297 100
9 198 200
151 114 1
173 31 1
54 215 1
56 285 1
5 148 200
274 157 100
266 130 1
127 123 100
58 258 100
280 102 1
117 159 1
291 78 100
193 255 100
264 78 100
140 88 100
62 102 1
11 8 1
182 269 100
46 168 100
226 268 100
34 297 1
297 106 100
132 143 1
148 54 100
13 301 1
111 127 100
72 91 1
217 84 1
7 2 1
68 94 1
124 223 1
291 170 1
195 84 100
229 193 1
259 145 100
247 141 100
259 177 100
290 103 1
271 263 100
60 68 100
250 237 100
252 210 100
13 292 1
184 225 1
96 226 100
191 244 100
184 117 100
129 216 100
215 53 100
23 187 100
154 138 100
225 298 1
176 262 100
20 289 100
151 65 1
8 4 1
119 172 1
5 11 1
69 83 1
174 40 1
86 256 100
104 55 100
171 71 100
171 153 1
173 163 100
213 62 100
100 290 100
253 217 100
106 129 100
158 187 100
4 5 1
47 38 100
219 159 100
209 117 100
50 297 100
110 267 100
185 301 100
140 279 1
179 143 100
186 188 100
175 190 100
234 220 1
64 79 100
224 120 100
256 172 1
165 97 1
165 44 1
237 30 100
185 212 1
140 257 1
184 298 1
201 38 100
253 134 1
257 83 100
90 151 100
93 229 100
172 33 100
108 129 100
196 146 100
174 209 100
10 7 1
229 227 1
233 175 1
12 244 1
224 13 100
242 23 100
22 198 1
71 48 100
162 60 100
70 172 100
90 53 100
105 255 100
161 141 100
265 138 1
137 188 1
263 73 100
133 94 1
79 155 1
221 253 100
167 201 1
202 198 1
201 18 100
189 51 100
143 174 100
246 30 1
184 219 1
72 64 100
256 81 1
294 221 1
133 173 100
51 213 1
226 152 1
93 260 100
167 16 1
141 169 100
257 279 1
67 54 1
15 82 1
164 264 1
300 277 100
129 44 1
46 181 100
285 232 1
280 181 100
67 65 100
139 203 1
109 291 100
288 118 100
18 192 1
282 202 1
264 32 100
27 299 1
173 99 100
16 74 100
54 236 100
132 244 100
156 190 100
106 108 1
42 180 1
112 294 1
96 73 1
166 118 1
283 45 1
50 261 100
93 227 100
57 238 1
68 240 100
94 66 100
59 199 1
151 247 100
252 86 100
33 41 1
137 259 100
211 124 100
275 287 100
169 234 1
156 143 100
278 162 100
12 157 100
286 62 1
63 12 1
261 234 100
119 71 1
223 246 1
216 217 100
75 295 1
105 191 1
222 16 100
282 292 100
206 84 100
149 299 1
209 299 1
9 4 1
73 31 1
190 132 1
178 128 1
51 95 1
191 12 100
214 172 1
121 120 100
227 143 1
101 210 100
51 124 1
243 183 1
195 142 100
130 266 1
252 272 1
151 161 100
118 258 1
33 162 100
72 59 1
158 140 1
181 88 100
286 280 1
24 279 100
142 84 1
150 186 1
51 126 100
20 156 100
186 137 100
129 21 1
12 299 100
268 269 1
45 238 100
209 252 100
273 114 1
149 298 1
183 239 1
154 119 100
254 127 1
268 277 1
150 266 100
121 282 1
36 283 100
178 40 1
78 31 100
301 151 100
64 177 1
72 25 100
113 276 1
145 79 100
239 28 1
213 51 1
252 153 100
11 198 200
252 203 100
202 224 1
283 97 1
98 166 100
300 59 100
218 295 100
72 16 100
200 114 1
122 19 1
290 94 1
286 257 100
32 78 1
276 15 1
234 106 1
246 223 1
110 23 100
192 241 1
293 150 1
276 50 1
85 218 1
260 143 1
89 138 1
230 267 1
212 198 1
120 90 1
88 29 1
99 222 100
259 277 1
48 196 100
102 279 100
185 148 1
154 203 1
223 95 1
85 296 1
294 216 100
286 35 100
168 181 1
31 186 1
25 208 100
301 123 100
118 108 1
147 42 1
78 173 100
216 211 100
52 256 100
45 165 1
24 158 100
53 161 100
37 173 1
120 248 100
139 86 1
267 140 1
171 214 100
96 293 1
191 178 100
145 241 100
233 260 100
182 199 100
281 117 1
77 132 1
43 39 1
254 13 1
239 77 100
258 234 1
26 178 1
291 146 1
64 16 1
145 201 1
76 104 1
152 222 100
204 207 1
239 143 100
189 205 1
105 229 1
184 149 1
17 291 1
7 3 1
19 295 1
4 111 200
191 26 100
70 262 1
234 129 100
203 71 100
147 124 100
297 108 100
171 139 1
153 89 100
185 224 1
292 13 1
8 148 200
212 120 100
262 153 1
145 18 100
178 63 1
164 94 100
212 215 100
179 243 1
151 248 1
231 264 100
277 269 1
14 48 100
76 34 100
60 103 100
35 230 1
70 71 100
299 27 1
276 58 100
55 58 1
189 207 100
47 155 100
300 222 100
299 281 100
236 76 100
26 128 1
30 286 100
6 4 1
212 148 1
109 271 100
74 251 1
155 79 1
159 194 1
170 107 100
37 300 100
196 75 1
197 236 1
115 36 1
129 294 1
277 268 1
296 41 1
290 78 1
257 56 100
219 101 100
61 110 1
285 20 1
45 294 1
168 29 100
256 33 100
35 285 100
134 195 1
23 140 1
237 228 100
51 286 100
297 98 1
58 220 100
249 58 1
169 21 100
281 272 1
28 93 1
75 271 100
61 230 100
10 282 200
225 117 100
221 112 1
136 184 1
226 137 1
3 7 1
283 206 100
249 141 1
149 219 1
199 167 100
103 68 1
266 199 100
2 282 200
113 34 100
225 176 100
272 171 100
108 106 1
44 238 100
281 153 100
203 138 100
226 72 100
283 134 100
245 176 1
189 217 1
295 275 1
41 39 1
45 21 1
230 232 100
186 96 1
85 109 100
247 104 1
200 15 100
248 104 100
51 102 100
41 162 100
224 121 1
234 118 1
273 50 100
3 5 1
27 245 100
180 246 100
108 234 1
92 162 1
211 51 100
114 123 1
77 229 1
238 80 1
175 179 1
64 38 100
267 232 100
20 285 1
204 51 1
253 189 100
17 146 1
19 92 1
124 286 100
47 16 1
136 209 1
100 133 100
191 105 1
181 140 1
6 148 200
165 284 100
21 216 100
183 260 100
236 197 1
107 293 100
295 170 100
30 242 100
200 104 100
161 249 100
189 142 1
284 42 100
89 131 100
210 265 100
80 211 100
238 217 100
2 3 1
215 292 1
301 120 1
177 18 100
179 193 100
262 154 1
107 133 1
38 74 1
219 184 1
276 270 1
175 156 1
74 79 1
284 189 100
124 95 1
191 190 1
133 150 100
258 294 100
128 299 100
232 88 1
248 276 100
230 29 100
48 231 100
34 118 100
220 36 1
84 51 100
229 174 100
87 234 100
107 103 1
82 34 100
157 176 100
28 143 100
84 30 100
120 273 100
298 159 100
256 71 1
166 169 1
126 242 1
180 205 1
19 17 100
88 239 100
142 246 100
207 228 1
246 124 1
93 28 1
40 299 100
290 173 100
93 179 1
263 240 100
94 173 100
254 248 100
120 54 1
218 131 1
64 47 1
262 172 100
92 100 100
19 196 1
203 119 100
117 272 1
8 282 200
40 26 1
288 87 1
152 226 1
5 198 200
178 209 100
269 199 1
29 144 1
223 24 100
236 113 100
31 173 1
76 247 1
146 100 1
107 32 1
250 142 100
242 35 100
29 232 1
4 9 1
274 178 1
178 136 100
158 35 1
258 106 1
216 195 1
43 122 100
217 223 100
33 19 100
22 120 100
27 194 100
35 279 1
172 265 1
203 210 1
134 189 100
29 28 100
172 39 100
275 100 100
85 196 100
107 150 100
240 73 1
103 133 1
78 32 1
53 248 1
133 240 100
298 136 1
289 260 100
161 76 1
109 19 1
178 298 100
9 148 200
258 97 100
174 219 100
169 108 1
105 227 1
153 81 100
204 246 1
125 74 100
235 79 100
121 202 1
212 185 1
257 29 100
225 245 100
97 253 100
150 66 1
180 228 100
276 98 100
122 109 1
83 239 100
69 156 100
62 168 100
153 52 1
36 258 1
116 73 100
174 178 1
61 24 1
297 55 1
94 107 1
254 65 100
111 202 1
114 151 1
43 162 100
84 147 1
236 82 100
240 182 100
138 265 1
291 264 1
190 40 100
290 107 1
284 206 1
252 176 1
136 27 1
209 225 1
262 71 100
262 214 100
10 11 1
25 201 1
205 142 1
55 108 100
152 182 1
155 49 1
296 295 100
205 246 100
120 123 100
8 212 200
51 223 1
56 187 1
59 268 1
2 121 200
294 250 100
173 293 1
201 49 100
300 182 1
175 233 1
40 149 100
211 237 1
97 45 1
139 210 1
228 95 1
155 1 1200
169 294 100
18 79 1
112 129 1
296 39 1
118 283 100
211 246 100
67 197 100
36 165 100
112 238 100
184 194 100
116 32 1
71 214 1
286 61 1
9 224 200
156 243 1
130 277 100
274 12 1
68 173 100
125 167 1
106 166 1
116 31 100
190 227 1
68 290 1
87 34 1
256 131 100
190 229 1
132 274 100
10 8 1
33 131 1
274 244 1
33 196 100
95 24 100
12 63 1
221 216 100
278 231 100
292 273 100
273 65 1
276 76 1
174 12 1
270 50 1
219 225 1
6 3 1
244 178 1
17 116 100
85 48 1
157 117 100
166 108 1
55 288 1
166 21 100
164 290 100
213 280 100
296 92 100
8 5 1
155 38 1
238 250 1
248 161 100
269 125 100
178 274 1
282 301 100
47 25 1
156 260 100
274 174 1
143 260 1
251 38 1
38 18 1
157 272 100
244 298 100
215 197 100
20 28 100
15 104 1
192 155 1
156 105 100
222 277 1
271 17 1
301 90 1
253 206 1
161 288 100
47 167 1
270 288 100
64 74 100
125 145 1
107 31 100
57 250 1
214 48 100
123 236 1
288 34 1
269 16 100
211 42 1
218 75 100
53 273 1
102 242 1
117 153 100
83 28 100
83 20 1
234 165 100
126 24 1
149 159 100
119 41 100
5 121 200
217 124 100
22 111 1
173 182 100
103 31 100
146 287 1
131 218 1
266 188 1
157 219 1
206 253 1
31 188 100
121 292 100
123 197 1
4 282 200
112 221 1
157 194 100
233 93 1
285 183 100
2 9 1
233 77 100
228 207 1
208 74 1
31 152 100
300 259 100
237 147 1
202 254 100
153 14 100
106 44 100
233 289 1
103 290 1
242 46 1
138 39 100
43 278 1
191 255 100
291 263 100
26 298 100
74 18 1
144 20 1
91 160 1
101 281 1
131 162 100
187 69 1
85 75 100
35 23 1
131 109 100
274 298 100
98 55 1
199 59 1
198 282 1
124 242 100
213 124 1
192 49 1
241 208 1
244 255 1
275 19 1
72 177 100
163 259 100
292 90 1
73 137 100
90 123 100
29 179 100
290 240 100
60 116 100
289 183 1
112 206 100
281 154 100
29 175 100
93 132 100
11 282 200
267 88 100
150 182 100
207 213 1
98 141 1
80 284 1
219 176 100
230 187 100
58 297 1
231 291 100
104 288 100
16 79 100
298 184 1
28 193 100
46 280 1
197 276 100
165 253 100
281 245 1
24 168 100
106 36 1
51 61 100
32 186 100
57 42 100
91 145 100
157 298 1
233 243 1
44 195 100
240 293 1
295 122 1
50 82 1
113 161 1
83 69 1
105 12 100
127 273 100
232 56 1
143 190 1
287 146 1
82 104 1
68 107 1
27 176 100
241 18 1
197 15 100
206 180 100
270 58 100
5 6 1
77 255 100
10 148 200
200 50 100
119 214 1
151 276 100
271 290 100
263 173 100
4 10 1
171 86 1
74 241 1
257 23 1
139 172 100
103 37 100
256 296 100
112 195 100
32 94 1
198 202 1
222 259 1
32 240 100
157 252 100
289 179 1
86 52 1
65 270 100
62 280 1
5 3 1
71 265 1
160 25 100
78 68 1
128 157 100
18 1 1200
32 68 1
281 210 100
37 66 1
195 80 1
101 245 1
246 51 1
273 53 1
133 78 1
158 267 1
270 247 1
271 287 1
144 233 100
221 134 100
21 80 100
212 22 1
90 120 1
157 225 1
99 266 1
204 110 100
171 119 100
118 112 100
30 204 1
280 61 1
151 200 1
52 81 100
143 255 100
221 21 1
131 196 100
278 48 1
238 216 1
164 271 1
206 205 100
118 234 1
226 222 100
7 11 1
267 20 100
40 244 1
20 233 100
42 207 100
30 223 1
36 45 100
7 10 1
132 26 100
30 61 100
39 85 1
81 172 1
63 298 100
167 155 100
93 190 100
113 249 100
284 80 1
83 175 100
27 298 1
53 113 100
288 234 100
53 82 100
187 156 100
129 45 1
59 145 100
46 230 100
155 18 1
212 54 100
37 150 1
180 204 100
55 141 1
24 126 1
265 131 100
202 148 1
198 121 1
279 83 100
179 227 100
53 197 1
221 129 1
81 138 1
174 149 100
61 279 100
238 211 100
93 175 1
253 238 1
237 217 1
66 37 1
41 275 100
32 290 1
243 260 100
24 110 1
75 275 1
127 53 100
43 218 1
241 155 1
59 235 100
154 171 1
133 290 1
156 183 1
198 127 100
129 238 100
239 243 1
279 20 100
137 160 100
158 20 100
34 220 100
214 265 1
194 171 100
138 85 100
22 292 100
139 71 100
287 290 100
247 288 100
257 158 1
190 143 1
19 291 100
64 125 1
156 289 1
299 117 100
54 114 100
237 205 1
278 109 100
267 257 1
8 7 1
84 246 100
175 132 100
88 175 100
283 253 100
80 238 1
134 57 1
121 54 100
260 255 100
117 135 1
130 72 100
266 269 100
157 149 1
269 25 100
161 276 1
34 55 1
97 57 100
66 188 100
52 262 1
86 171 1
108 165 100
120 127 1
297 115 100
177 79 100
195 180 100
253 195 1
170 264 1
227 178 100
287 100 1
190 274 100
261 169 100
104 270 1
6 121 200
25 167 1
225 136 1
258 221 100
89 256 1
58 108 100
232 83 1
130 182 1
180 223 100
270 98 100
227 26 100
75 100 100
210 14 100
123 53 1
244 27 100
288 261 1
240 37 1
66 293 1
214 278 100
231 295 1
54 254 1
177 47 1
246 110 100
257 230 1
278 33 1
179 105 100
255 136 100
190 63 100
10 224 200
213 110 100
134 42 100
177 49 100
97 284 100
272 159 1
219 135 100
34 166 100
141 261 1
252 154 100
45 195 100
108 220 1
170 164 1
189 124 100
280 23 100
126 286 1
275 271 100
12 219 100
140 230 1
109 295 1
8 11 1
192 1 1200
44 165 1
11 22 200
126 267 100
252 117 1
131 41 1
150 293 1
99 199 100
171 70 1
15 261 100
88 187 1
98 220 100
277 16 100
219 157 1
53 247 100
287 60 1
84 42 1
74 155 1
153 265 100
283 165 1
89 81 1
56 243 100
269 235 100
220 221 100
266 226 1
265 48 100
52 138 100
239 229 100
131 278 1
224 185 1
108 115 1
82 141 100
258 169 1
104 276 1
138 71 1
203 171 1
154 81 100
265 71 1
25 64 1
175 28 1
25 49 100
89 85 100
276 87 100
152 91 100
72 269 1
90 254 1
21 221 1
147 213 100
103 73 100
295 109 1
281 194 1
55 258 100
272 176 1
265 296 100
4 8 1
108 21 100
111 301 100
263 78 1
272 135 1
196 271 100
300 137 1
286 279 100
298 299 1
248 123 1
87 55 1
191 193 1
259 201 100
286 230 100
195 250 1
58 249 1
78 96 100
224 148 1
286 46 1
255 40 1
85 33 1
50 87 100
134 206 1
217 207 100
196 17 100
61 168 100
162 109 1
141 118 100
20 69 1
102 140 100
292 123 100
85 131 1
113 98 100
210 153 1
180 213 100
204 102 100
236 161 100
143 26 100
10 5 1
235 192 100
79 1 1200
265 218 100
59 64 100
280 140 100
280 126 1
162 164 100
154 262 1
280 110 1
110 286 1
122 275 1
228 223 1
68 263 1
48 33 1
13 90 1
16 145 1
285 28 100
236 248 1
98 234 100
211 189 1
157 27 1
244 26 1
188 199 100
59 16 100
62 126 1
52 71 100
151 104 100
214 218 100
126 102 1
285 29 1
56 183 100
301 236 100
127 67 1
300 226 1
142 147 1
208 1 1200
196 295 1
145 47 1
67 292 1
44 21 1
168 144 100
278 75 100
148 121 1
12 136 100
59 277 1
179 191 100
86 70 1
101 272 1
30 124 1
245 101 1
67 248 100
62 286 1
50 15 1
108 294 100
67 127 1
103 32 1
79 241 1
263 107 1
140 56 100
39 296 1
94 73 100
207 242 100
249 288 1
159 171 100
48 43 1
215 65 100
223 213 1
240 99 100
146 107 100
254 215 1
291 68 100
99 130 1
224 198 1
85 19 100
186 266 100
104 297 100
136 135 100
171 138 100
126 61 1
4 3 1
80 142 100
233 191 100
161 58 100
239 132 100
228 110 100
111 254 100
66 96 1
278 218 1
214 89 1
212 121 1
169 115 1
146 60 1
45 283 1
280 242 1
196 92 1
115 220 1
144 88 1
67 273 100
148 127 100
12 255 1
214 39 100
184 245 100
2 5 1
42 237 1
299 245 100
69 88 1
181 232 100
25 125 1
135 281 1
269 47 100
104 141 100
152 137 1
78 293 100
205 84 1
248 50 100
125 25 1
79 192 1
292 53 100
133 263 1
218 275 100
260 274 100
139 154 1
165 112 1
289 28 1
267 35 1
235 47 1
79 38 1
59 269 1
205 211 1
113 270 1
258 129 100
135 101 1
32 66 100
294 44 1
232 243 100
184 281 100
289 193 100
119 278 100
56 88 1
178 219 100
198 120 100
73 300 100
262 86 1
49 79 1
15 161 1
216 253 1
33 296 1
49 192 1
272 154 100
176 159 1
83 183 100
259 91 1
206 80 1
91 268 1
114 248 1
191 77 1
293 73 1
9 7 1
193 132 1
197 114 1
86 203 1
187 239 100
81 296 100
29 56 1
294 283 1
186 240 1
205 51 100
201 125 1
184 27 1
75 60 100
193 105 1
153 70 1
263 103 1
298 176 100
67 200 100
248 114 1
5 224 200
295 287 100
115 221 100
165 216 100
117 154 100
93 105 100
150 240 1
230 140 1
3 6 1
40 225 100
33 231 100
136 101 100
209 149 1
3 10 1
23 232 100
188 269 100
3 282 200
14 41 100
61 62 1
300 152 1
230 20 100
220 108 1
254 54 1
21 97 1
292 254 1
244 174 1
2 224 200
285 83 1
24 267 100
296 122 100
121 212 1
98 261 1
183 132 100
62 140 100
253 147 100
26 209 100
33 92 100
222 64 100
234 166 1
148 282 1
188 300 1
282 90 100
180 84 1
188 130 1
109 231 1
160 259 1
250 80 1
245 135 1
266 277 100
92 264 100
110 102 1
2 202 200
161 55 100
17 271 1
70 138 100
92 231 1
96 186 1
95 280 100
13 197 100
188 226 1
30 207 1
242 158 100
145 251 100
255 209 100
264 100 1
143 77 1
31 150 1
95 51 1
22 54 100
116 263 1
190 191 1
285 239 100
283 80 100
223 280 100
73 163 100
234 221 100
276 82 1
19 162 1
127 90 1
59 91 1
8 9 1
176 281 1
258 166 1
261 58 1
106 45 100
254 236 100
37 152 100
46 126 1
138 43 100
240 188 100
255 184 100
230 83 100
277 235 100
139 262 1
32 150 100
226 163 1
4 185 200
196 264 100
69 285 1
26 149 100
227 12 100
289 190 100
19 271 100
243 105 100
70 153 1
88 93 100
295 75 1
240 226 100
177 74 100
287 264 1
2 8 1
148 111 1
10 212 200
95 46 100
86 154 1
284 250 1
177 16 1
94 37 100
135 159 1
143 193 1
232 289 100
101 153 100
102 181 100
57 147 100
149 209 1
260 132 1
73 266 100
273 113 100
84 124 100
52 139 1
226 130 1
132 63 100
88 289 100
122 75 1
275 164 100
90 67 1
189 95 100
249 106 100
136 252 100
46 267 100
205 204 100
117 194 1
254 197 100
275 295 1
125 201 1
124 61 100
297 249 1
105 132 1
165 221 1
206 142 100
264 291 1
107 73 100
229 132 1
48 278 1
92 146 100
144 175 100
187 28 100
17 68 100
197 161 100
123 248 1
63 149 100
290 186 100
34 106 100
251 241 1
161 104 1
35 88 100
269 160 1
284 57 1
23 35 1
42 246 100
291 287 1
182 99 1
56 83 1
36 234 1
109 60 100
181 35 1
241 1 1200
51 207 1
193 274 100
138 131 100
219 281 100
183 233 1
238 253 1
131 85 1
42 223 100
13 54 1
207 280 100
20 83 1
43 109 100
115 169 1
211 84 1
271 60 1
168 140 1
47 241 100
95 30 1
216 284 1
245 281 1
278 122 100
277 72 1
59 177 100
144 56 1
5 212 200
37 186 1
201 64 1
173 226 100
112 80 100
14 33 100
299 184 1
273 276 100
136 225 1
212 13 100
106 258 1
200 276 100
269 72 1
83 179 100
268 59 1
71 278 100
196 287 100
210 154 1
284 180 100
204 286 100
16 192 100
258 283 100
49 18 1
216 57 1
279 285 100
153 86 1
141 115 100
101 262 100
67 120 1
275 92 1
135 117 1
263 66 100
238 205 100
163 152 1
287 263 100
225 135 100
255 157 100
9 202 200
192 208 1
89 265 1
96 37 1
38 192 1
289 239 1
193 128 100
44 206 100
59 160 1
160 222 1
71 14 1
64 18 100
111 224 1
5 2 1
197 53 1
60 100 1
131 295 100
236 15 100
73 66 1
25 155 100
125 241 100
104 87 100
132 227 1
61 280 1
42 204 100
204 62 100
12 128 1
194 101 1
163 222 100
37 31 1
135 70 100
51 24 100
267 279 1
166 45 100
63 157 100
284 205 100
225 209 1
73 186 1
40 178 1
265 33 100
70 86 1
227 63 100
116 150 100
247 161 1
142 204 100
81 214 1
44 112 1
226 300 1
179 156 1
269 145 100
144 239 100
300 266 1
14 119 1
286 140 100
122 231 1
264 116 100
92 109 1
180 142 1
138 278 100
77 128 100
219 209 1
284 147 100
209 184 1
166 36 1
187 56 1
76 113 1
160 199 1
284 238 1
264 164 1
171 262 1
174 26 1
209 27 1
11 185 200
66 163 100
160 145 100
7 121 200
150 188 100
71 39 100
118 106 1
237 180 1
65 200 1
282 67 100
218 43 1
294 97 1
261 166 100
53 104 100
82 247 1
84 189 1
182 130 1
277 199 1
158 69 100
246 228 1
168 69 100
253 84 100
117 203 100
31 182 100
277 91 1
294 80 100
243 190 100
156 175 1
123 65 1
91 47 100
187 88 1
77 193 1
115 165 100
260 227 1
60 290 100
200 53 1
194 52 100
52 214 100
91 235 100
244 149 100
38 1 1200
23 56 100
195 205 100
50 161 1
189 180 1
161 15 1
97 44 1
80 253 1
299 252 100
96 152 100
268 259 1
193 260 1
127 200 100
81 89 1
171 172 100
35 168 1
193 178 100
19 170 100
104 50 1
228 61 100
272 70 100
155 208 1
218 41 1
9 6 1
45 284 100
261 220 100
158 232 100
179 183 1
56 144 1
127 215 1
105 260 1
224 254 100
106 112 100
63 255 1
199 25 100
71 41 100
14 43 100
300 188 1
254 67 1
260 191 1
78 73 100
68 150 100
155 74 1
144 187 1
27 135 100
82 249 100
173 37 1
6 22 200
11 4 1
114 15 100
279 144 100
163 72 100
264 60 1
292 236 100
212 254 100
40 157 100
26 12 1
28 227 100
156 93 1
119 43 100
210 214 100
248 247 100
41 85 1
6 8 1
16 47 1
84 207 100
164 68 100
35 187 100
64 235 1
285 144 1
288 36 100
75 231 1
70 89 100
298 281 100
164 291 1
57 142 100
3 185 200
37 137 100
145 167 1
24 230 100
23 88 100
273 236 1
242 110 1
207 95 1
260 128 100
13 248 100
119 14 1
111 282 1
81 41 100
301 67 1
244 128 1
227 193 1
16 125 1
185 54 100
299 149 1
200 151 1
26 136 100
125 192 100
81 39 100
271 133 100
171 81 100
54 127 1
31 266 100
238 42 100
30 95 1
292 67 1
282 198 1
166 115 1
67 13 1
190 77 1
97 238 100
228 102 100
213 102 100
285 289 100
231 196 1
194 245 1
202 90 100
53 151 1
187 179 100
75 164 100
221 57 100
283 221 1
45 221 1
38 251 1
282 22 1
204 126 100
230 144 100
13 65 100
252 262 100
31 137 100
232 69 1
104 58 100
147 207 100
245 52 100
169 258 1
261 141 1
265 119 1
39 218 1
286 24 1
7 4 1
108 221 100
183 190 100
24 280 1
49 241 1
205 213 100
60 287 1
110 24 1
147 30 100
81 119 1
91 125 100
34 58 1
105 190 1
18 241 1
42 142 1
276 297 100
234 36 1
229 40 100
112 57 100
14 81 1
197 200 1
115 283 100
158 144 100
231 170 100
229 26 100
282 212 1
275 231 1
290 96 100
64 145 1
105 40 100
91 222 1
164 32 100
194 135 1
139 214 100
132 193 1
174 136 100
4 2 1
272 281 1
128 40 1
247 270 1
140 69 100
253 284 1
48 92 100
220 44 100
298 209 1
188 160 100
171 210 1
265 14 1
135 194 1
126 140 100
296 43 1
69 144 1
236 53 1
199 259 1
99 259 100
199 268 1
114 82 100
242 168 100
284 217 100
25 16 1
26 255 1
109 196 1
220 106 1
245 86 100
212 67 100
88 285 1
20 88 1
16 251 100
62 158 100
242 24 1
134 284 1
229 244 100
71 172 1
23 267 1
33 43 1
30 24 100
130 188 1
186 293 1
36 115 1
40 274 1
118 294 100
248 273 1
10 6 1
28 156 1
69 183 100
173 150 1
292 151 100
249 55 1
32 133 1
220 129 100
57 216 1
32 263 1
293 163 100
137 266 1
12 274 1
293 37 1
166 44 100
270 76 1
130 137 1
100 263 100
2 7 1
279 29 100
77 40 100
247 249 100
249 36 100
188 99 1
269 222 1
202 212 1
122 100 100
68 31 100
213 46 100
293 240 1
201 74 100
233 143 100
20 243 100
232 233 100
137 163 1
62 110 1
72 277 1
17 107 100
9 22 200
70 210 1
256 43 100
98 115 100
147 142 1
189 223 100
290 263 1
128 63 1
193 12 100
9 11 1
174 27 100
54 273 100
163 266 1
22 13 100
238 206 1
74 192 1
58 87 1
129 284 100
75 291 100
126 279 100
40 63 1
291 17 1
115 166 1
242 230 100
198 13 100
131 39 1
201 16 1
10 9 1
22 121 1
41 109 100
23 69 100
172 14 1
99 72 100
133 103 1
275 291 100
58 98 1
169 45 100
265 81 1
11 9 1
295 17 100
269 268 1
181 279 1
227 191 1
259 160 1
163 137 1
24 102 1
203 81 100
100 287 1
77 105 1
159 70 100
279 23 1
287 107 100
54 301 1
235 155 100
268 201 100
298 135 100
210 89 100
205 147 1
13 120 1
38 49 1
256 41 100
61 46 1
255 274 1
11 121 200
287 17 1
259 269 1
291 94 100
102 24 1
196 170 100
283 44 1
107 37 100
57 180 100
299 225 1
35 267 1
225 149 1
157 245 100
104 76 1
257 168 1
278 85 1
6 2 1
272 252 1
273 15 100
183 191 100
267 285 100
70 214 100
97 283 1
131 43 1
249 297 1
86 81 100
82 55 100
69 243 100
102 286 1
132 178 100
134 250 1
169 283 100
258 115 1
12 40 1
210 203 1
137 91 100
183 156 1
245 159 1
166 97 100
243 229 100
45 206 100
170 146 1
217 211 1
152 99 1
114 270 100
50 247 1
65 104 100
111 212 1
250 211 100
68 78 1
157 136 1
7 6 1
209 281 100
202 67 100
138 214 1
226 91 100
89 218 100
277 177 100
201 155 100
270 113 1
163 188 1
251 208 1
140 168 1
178 255 1
180 189 1
167 177 1
82 270 1
132 105 1
42 84 1
40 27 100
216 189 100
77 190 1
121 111 1
4 121 200
211 204 100
122 146 100
267 230 1
48 131 1
283 250 100
213 126 100
289 229 100
76 87 100
263 293 100
169 36 1
204 124 1
147 95 100
176 70 100
185 202 1
175 227 100
231 287 100
125 251 100
266 59 100
134 147 100
120 197 100
108 283 100
15 76 1
67 301 1
234 45 100
28 289 1
293 300 100
172 89 1
288 258 100
167 241 100
235 201 1
27 272 100
103 263 1
143 128 100
203 262 1
243 239 1
264 94 100
144 156 100
183 179 1
42 213 100
78 37 100
146 68 100
123 76 100
294 253 100
238 180 100
11 10 1
109 275 1
286 168 100
150 137 100
18 208 1
301 215 1
198 301 100
138 172 1
168 267 1
256 214 1
289 105 100
195 211 100
232 29 1
132 77 1
203 256 100
259 199 1
76 261 100
145 192 100
197 273 1
101 70 100
48 19 100
159 210 100
85 275 100
170 94 100
111 90 100
111 292 100
246 280 100
176 139 100
176 135 1
237 51 100
43 295 100
295 60 100
30 102 100
202 13 100
280 158 100
95 228 1
70 119 100
141 98 1
62 181 100
260 190 1
149 136 1
12 209 100
272 203 100
26 274 1
110 61 1
101 194 1
63 26 1
181 285 100
294 129 1
45 250 100
42 211 1
111 148 1
261 106 100
102 61 1
95 110 100
175 191 100
283 129 1
246 102 100
292 301 1
196 162 1
153 256 100
91 259 1
213 30 1
161 50 1
143 178 100
60 133 100
240 266 100
164 170 1
37 188 100
50 98 100
102 35 100
183 229 100
38 79 1
48 275 100
151 82 100
91 199 1
66 182 100
234 169 1
76 82 1
249 169 100
150 226 100
214 256 1
158 257 1
66 226 100
87 98 1
167 38 100
181 257 1
199 222 1
97 112 1
205 95 100
291 133 100
112 165 1
185 111 1
224 215 100
29 20 1
226 160 100
79 251 1
148 215 100
230 23 1
163 59 100
68 133 1
195 253 1
168 257 1
251 49 1
8 6 1
144 69 1
29 233 100
239 156 1
95 62 100
275 170 100
28 77 100
214 81 1
166 294 100
170 100 1
220 45 100
41 278 1
138 89 1
277 125 100
239 289 1
162 146 100
69 29 1
170 103 100
154 52 1
124 24 100
141 258 100
169 118 1
202 22 1
281 86 100
190 128 100
281 262 100
288 108 100
11 3 1
235 241 100
167 125 1
244 219 100
216 84 100
27 219 1
273 270 100
271 107 100
9 212 200
84 180 1
45 112 1
146 133 100
58 115 100
41 48 1
144 179 100
60 32 100
109 100 100
57 80 1
21 250 100
31 96 1
218 33 1
202 121 1
168 158 1
290 116 1
288 58 1
64 49 100
36 112 100
260 40 100
198 54 100
95 246 1
95 213 1
21 195 100
288 115 100
88 20 1
129 134 100
68 66 100
207 223 1
116 240 100
177 192 100
110 242 1
268 47 100
3 224 200
107 96 100
164 17 1
102 62 1
160 167 100
100 264 1
110 126 1
51 242 100
36 21 100
64 208 100
259 16 100
36 118 1
59 125 100
135 210 100
89 14 1
252 135 1
165 80 100
231 164 100
123 82 100
267 181 1
186 226 100
207 62 100
223 110 100
77 178 100
255 174 1
165 45 1
232 93 100
92 122 1
148 22 1
65 161 100
15 98 100
115 44 100
98 106 100
83 187 1
249 87 1
119 218 100
297 258 100
104 15 1
36 220 1
47 208 100
41 218 1
44 284 100
181 83 100
287 103 100
228 124 1
297 234 100
230 168 1
225 27 1
73 240 1
192 251 1
181 69 100
160 59 1
126 46 1
274 184 100
279 158 1
159 117 1
128 26 1
149 272 100
142 189 1
294 165 1
264 107 100
296 19 100
65 273 1
232 156 100
7 185 200
33 39 1
96 99 100
165 250 100
57 205 100
228 51 1
219 299 1
135 139 100
169 112 100
156 239 1
198 292 100
122 291 100
19 109 1
71 89 1
258 165 100
100 164 1
17 100 1
238 195 1
182 152 1
258 220 1
46 62 1
273 151 1
242 126 1
44 294 1
250 189 100
276 113 1
137 269 100
78 103 1
241 49 1
118 220 1
44 45 1
39 131 1
60 271 1
51 30 1
127 292 1
210 52 1
14 296 100
164 287 1
80 237 100
27 209 1
209 159 100
233 183 1
227 260 1
35 29 100
272 101 1
149 184 1
289 93 1
25 177 1
41 75 100
241 38 1
138 41 100
142 30 100
110 35 100
297 34 1
296 196 100
250 284 1
235 251 100
162 100 100
93 239 1
247 276 1
101 252 1
245 203 100
194 154 100
153 171 1
124 246 1
268 64 100
17 60 1
129 57 100
153 203 1
92 170 100
27 159 100
25 251 100
67 151 100
137 99 1
241 74 1
208 192 1
116 68 1
80 216 1
103 293 100
15 34 100
236 151 1
266 99 1
147 205 1
206 284 1
17 32 100
55 36 100
89 119 1
78 133 1
81 43 100
34 36 100
160 201 100
48 296 1
78 107 1
69 93 100
218 231 100
162 264 100
100 271 1
162 122 1
266 160 100
8 22 200
21 238 100
255 299 100
251 1 1200
252 245 1
56 29 1
29 187 1
98 34 1
170 17 1
185 292 100
50 58 100
144 232 1
191 174 100
132 174 100
99 160 100
251 74 1
230 181 1
273 76 100
22 282 1
124 204 1
105 63 100
211 228 100
243 28 1
23 257 1
86 138 100
192 38 1
182 300 1
25 38 100
209 194 100
55 297 1
111 215 100
116 94 1
228 242 100
76 276 1
239 227 100
113 82 1
165 134 100
28 243 1
119 39 100
187 20 1
46 158 100
116 37 100
177 38 100
189 147 1
197 104 100
42 95 100
6 185 200
31 240 1
172 48 100
159 262 100
189 42 1
285 175 100
293 186 1
6 198 200
88 144 1
296 162 100
224 67 100
295 162 1
22 127 100
256 119 1
26 219 100
296 131 1
142 217 1
252 194 1
218 19 100
205 237 1
265 43 100
122 60 100
255 63 1
12 184 100
231 19 1
94 32 1
112 21 1
27 136 1
176 171 100
28 179 1
43 75 100
120 301 1
47 177 1
10 111 200
188 268 100
224 90 100
146 164 1
166 258 1
231 92 1
77 26 100
26 40 1
257 88 100
60 170 1
76 98 100
81 278 100
65 197 1
250 253 1
55 87 1
14 131 100
31 66 1
199 72 1
143 12 100
292 114 100
262 210 1
167 49 100
39 109 100
74 1 1200
86 265 100
201 235 1
144 28 100
134 238 1
209 157 1
281 139 100
147 223 100
207 46 100
216 238 1
245 154 100
184 157 1
194 159 1
130 268 100
162 75 1
210 256 100
261 55 1
6 11 1
301 254 1
174 255 1
140 83 100
161 297 100
80 134 1
141 297 1
199 201 100
17 78 100
58 234 100
30 46 100
96 300 100
163 130 1
77 260 1
7 148 200
256 138 1
109 146 100
56 156 100
193 190 1
142 51 100
268 25 100
91 25 100
85 231 100
82 50 1
221 45 1
80 147 100
134 217 100
16 49 100
208 79 1
229 191 1
215 151 100
182 160 100
135 252 1
83 144 1
161 270 1
41 33 1
94 116 1
115 129 100
87 115 100
243 93 1
187 232 1
208 38 1
43 92 100
242 62 1
279 168 1
35 158 1
285 93 100
185 282 1
68 186 100
190 244 100
115 97 100
231 162 1
274 26 1
233 105 100
271 94 100
150 152 100
214 85 100
55 169 100
173 300 100
82 288 100
102 46 1
125 235 1
301 65 100
255 225 100
89 33 100
213 204 1
159 139 100
198 224 1
257 35 1
124 62 100
108 166 1
95 126 100
130 300 1
208 49 1
220 118 1
250 216 1
127 236 100
44 134 100
228 286 100
287 78 100
237 223 100
47 251 100
168 23 1
179 93 1
60 291 1
90 13 1
222 269 1
87 166 100
219 252 100
113 104 1
90 215 1
197 50 100
81 71 1
268 177 100
147 217 1
233 156 1
117 52 100
186 66 1
40 184 100
270 15 1
259 125 100
3 202 200
65 276 100
220 112 100
138 119 1
166 112 100
173 73 1
80 57 1
69 233 100
136 159 100
53 200 1
287 94 100
214 14 1
82 261 100
139 89 100
262 52 1
293 137 100
141 87 1
47 192 100
187 233 100
63 178 1
163 199 100
18 155 1
18 251 1
172 85 100
87 249 1
61 35 100
87 258 100
190 174 100
94 293 100
33 295 100
140 35 1
294 206 100
149 101 100
124 46 100
243 77 100
186 173 1
199 277 1
181 168 1
34 169 100
120 114 100
123 151 1
263 96 100
243 193 100
105 274 100
290 293 100
126 35 100
10 202 200
116 186 100
232 179 100
299 194 100
246 61 100
142 228 100
243 289 1
152 266 1
146 32 100
28 233 1
167 145 1
199 47 100
242 279 100
84 237 1
299 101 100
106 97 100
32 31 100
75 92 1
182 72 100
148 13 100
117 245 1
176 117 1
228 30 1
122 196 1
89 48 100
86 89 100
227 174 100
227 77 1
113 261 100
290 66 100
279 267 1
263 32 1
176 52 100
95 204 1
249 166 100
301 53 100
299 157 1
266 182 1
222 125 100
175 229 100
191 260 1
260 229 1
266 91 100
201 145 1
211 147 1
146 291 1
130 222 100
13 127 1
247 15 1
253 42 100
260 63 100
240 96 1
264 146 1
121 127 100
160 72 1
114 236 1
148 67 100
80 84 100
118 115 1
63 219 100
287 170 1
2 111 200
262 89 100
124 213 1
135 171 100
52 70 1
16 167 1
57 206 1
118 21 100
29 239 100
49 74 1
231 271 100
65 247 100
98 249 1
235 64 1
205 228 100
195 134 1
250 84 100
94 68 1
268 167 100
226 99 1
42 205 1
172 81 1
72 201 100
100 68 100
220 166 1
162 231 1
170 263 100
243 175 1
114 76 100
143 229 1
237 42 1
141 58 1
21 165 1
120 292 1
215 120 1
136 281 100
147 180 1
151 197 1
259 59 1
201 177 1
198 185 1
191 143 1
99 137 1
177 145 1
96 130 100
36 108 1
247 50 1
159 245 1
215 54 1
130 59 100
9 5 1
255 244 1
296 278 1
147 211 1
292 215 1
37 240 1
92 275 1
204 30 1
262 14 100
72 167 100
256 278 100
135 52 100
246 126 100
53 65 1
168 20 100
88 243 100
210 86 1
46 23 100
240 163 100
106 169 1
99 163 1
271 78 100
113 55 100
83 93 100
114 113 100
121 301 100
128 174 1
11 111 200
179 77 100
46 110 1
179 233 1
233 193 100
260 244 100
255 128 1
54 197 100
130 259 100
4 198 200
279 230 1
97 294 1
273 123 1
75 196 1
270 261 100
178 299 100
115 106 1
15 87 100
129 253 100
2 185 200
299 298 1
210 172 100
285 187 1
193 227 1
137 277 100
185 127 100
164 263 100
261 288 1
30 213 1
246 286 100
180 95 100
278 39 1
214 33 100
56 289 100
183 175 1
194 153 100
187 243 100
200 123 1
184 252 100
98 169 100
223 242 100
127 114 100
276 141 100
222 59 1
215 13 1
176 101 1
202 301 100
202 215 100
145 25 1
72 222 1
62 267 100
222 177 100
193 40 100
35 144 100
148 185 1
123 247 100
234 97 100
121 224 1
55 166 100
131 122 100
3 111 200
137 182 1
133 96 100
94 96 100
162 275 1
172 256 1
142 213 100
99 300 1
206 237 100
73 130 100
49 251 1
266 163 1
77 12 100
298 272 100
16 18 100
294 195 100
129 112 1
7 212 200
128 274 1
86 139 1
43 85 1
66 173 1
118 165 100
159 153 100
237 124 100
231 122 1
164 133 100
274 225 100
125 18 100
223 46 100
207 61 100
300 269 100
217 42 1
46 102 1
217 204 100
237 207 100
194 86 100
9 2 1
244 136 100
263 116 1
175 243 1
141 36 100
220 97 100
24 46 1
262 203 1
92 17 100
141 288 1
289 175 1
22 202 1
271 264 1
236 247 100
235 167 1
207 24 100
223 228 1
169 44 100
117 176 1
78 116 1
226 199 100
128 225 100
114 65 1
223 51 1
295 92 1
193 229 1
178 184 100
80 189 100
148 198 1
212 111 1
195 216 1
204 228 1
49 1 1200
137 226 1
146 271 1
222 91 1
174 298 100
92 75 1
47 201 1
248 270 100
63 27 100
162 17 100
28 132 100
3 9 1
211 217 1
23 279 1
21 283 1
36 294 100
62 23 100
114 53 1
52 171 1
160 47 100
136 157 1
248 200 1
32 37 100
272 52 100
101 139 100
281 176 1
133 107 1
90 248 100
123 50 100
110 140 100
183 28 1
106 21 100
235 208 100
280 267 100
167 208 100
151 113 100
6 111 200
127 301 1
84 228 100
113 141 100
107 68 1
180 211 1
276 288 100
288 98 1
149 135 100
19 264 100
70 139 1
84 217 1
88 183 100
203 70 1
282 254 100
189 30 100
179 289 1
76 249 100
261 36 100
99 152 1
216 237 100
194 176 1
167 74 100
221 44 1
126 257 100
71 256 1
96 163 100
283 216 100
188 277 100
92 60 100
175 143 100
200 236 1
39 19 100
58 261 1
178 12 1
25 241 100
264 17 1
62 61 1
221 284 100
239 179 1
196 122 1
43 48 1
108 258 1
65 114 1
61 242 1
297 220 100
154 70 1
218 296 1
261 249 1
210 171 1
15 249 100
150 96 1
278 296 1
44 57 100
82 161 1
221 97 1
270 82 1
293 152 100
103 116 1
100 291 1
209 101 100
140 158 1
136 299 1
295 264 100
83 232 1
66 73 1
154 14 100
200 76 100
61 257 100
88 83 1
235 25 1
172 296 100
156 193 100
139 153 1
94 78 1
75 19 1
104 113 1
246 207 1
19 122 1
275 162 1
41 122 100
293 130 100
291 290 100
208 18 1
249 118 100
52 153 1
26 299 100
232 285 1
17 103 100
224 22 1
220 169 1
50 76 1
284 195 1
205 189 1
206 250 1
15 247 1
14 71 1
57 195 1
296 85 1
125 79 100
172 218 100
201 208 100
216 134 1
225 272 100
125 47 1
158 181 1
245 70 100
254 151 100
196 109 1
122 17 100
176 252 1
93 233 1
103 186 100
52 119 100
207 204 1
215 67 1
14 256 1
21 129 1
3 212 200
152 277 100
72 259 1
267 56 100
34 249 1
82 276 1
73 152 100
87 261 1
39 48 1
279 181 1
19 287 100
298 219 1
167 64 1
254 53 100
187 285 1
257 144 100
195 42 100
14 138 1
121 90 100
213 246 1
33 278 1
177 25 1
222 167 100
206 211 100
170 116 100
93 183 1
50 113 1
143 105 1
277 47 100
186 99 100
216 147 100
140 29 100
145 64 1
44 283 1
14 214 1
145 155 100
57 217 100
37 266 100
69 289 100
110 181 100
282 215 100
227 105 1
21 206 100
194 203 100
215 248 100
37 130 100
90 65 100
217 205 1
120 254 1
63 244 1
195 206 1
75 287 100
146 103 100
279 187 100
162 19 1
54 292 1
5 4 1
22 67 100
119 85 100
5 22 200
245 272 1
184 272 100
245 171 100
175 239 1
148 120 100
269 91 1
250 134 1
28 191 100
4 202 200
11 2 1
244 12 1
124 207 1
71 85 100
218 48 1
56 175 100
149 176 100
35 83 100
172 138 1
271 170 1
69 56 1
288 297 1
134 237 100
65 248 1
7 22 200
128 27 100
135 262 100
13 273 100
100 170 1
113 247 1
298 101 100
40 174 1
39 231 100
13 114 100
8 224 200
213 228 1
23 20 100
248 236 1
56 93 100
182 226 1
160 235 100
115 234 1
168 232 100
257 285 100
83 29 1
229 143 1
180 237 1
145 235 1
65 123 1
281 252 1
207 246 1
54 90 1
152 269 100
152 59 100
199 235 100
109 164 100
119 89 1
24 23 100
107 116 1
215 200 100
301 114 100
103 150 100
229 63 100
116 290 1
239 233 1
219 136 1
225 194 100
204 280 100
199 64 100
250 57 1
225 219 1
121 185 1
7 198 200
253 57 1
222 201 100
102 230 100
97 21 1
90 54 1
165 129 1
159 101 1
173 96 1
39 122 100
174 128 1
218 196 100
223 62 100
52 210 1
136 117 100
153 154 1
217 180 1
163 268 100
181 56 100
197 270 100
23 181 1
227 244 100
217 142 1
182 91 100
240 66 1
73 150 1
86 14 100
15 113 1
70 154 1
235 177 1
85 43 1
87 106 100
274 27 100
27 149 1
61 158 100
2 10 1
66 130 100
8 202 200
63 225 100
217 213 100
20 179 100
251 155 1
45 57 100
66 99 100
58 118 100
286 242 1
215 127 1
217 95 100
101 117 1
238 142 100
20 56 1
128 209 100
63 174 1
47 64 1
247 34 100
182 268 100
98 288 1
250 205 100
54 200 100
55 98 1
20 232 1
134 180 100
280 286 1
183 227 100
159 252 1
131 92 100
13 200 100
126 181 100
170 78 100
277 160 1
34 288 1
81 131 100
185 90 100
263 94 1
264 103 100
300 72 100
128 244 1
15 297 100
41 92 100
130 152 1
154 139 1
39 275 100
274 63 1
261 34 1
60 164 1
79 208 1
270 87 100
99 268 100
17 164 1
206 216 1
177 125 1
254 120 1
156 77 100
21 294 1
293 31 1
101 86 100
211 30 100
119 265 1
295 146 100
188 182 1
110 257 100
54 123 100
163 300 1
96 150 1
237 189 1
5 7 1
272 139 100
158 23 1
112 250 100
128 184 100
150 173 1
